start   of      data    file.
siteName: HF-751-01
Probe   serial  Number: 0

Date    Meas#   T1(B)   T2      T3      T4      T5(T)   H
-------------------------------------------------------------------
 3:46:17       1   1.815   1.864   1.882   1.856   1.906   0.000
 3:46:19       2   1.815   1.864   1.882   1.856   1.906   0.000
 3:46:21       3   1.815   1.864   1.882   1.856   1.906   0.000
 3:46:23       4   1.815   1.864   1.882   1.856   1.906   0.000
 3:46:25       5   1.815   1.864   1.882   1.856   1.906   0.000
 3:46:27       6   1.816   1.865   1.883   1.857   1.907   0.000
 3:46:29       7   1.815   1.865   1.882   1.856   1.906   0.000
 3:46:31       8   1.815   1.865   1.882   1.856   1.906   0.000
 3:46:33       9   1.815   1.865   1.882   1.856   1.906   0.000
 3:46:35      10   1.815   1.864   1.882   1.856   1.906   0.000
 3:46:37      11   1.815   1.865   1.882   1.856   1.906   0.000
 3:46:39      12   1.815   1.865   1.882   1.856   1.906   0.000
 3:46:41      13   1.816   1.864   1.883   1.857   1.907   0.000
 3:46:43      14   1.815   1.865   1.882   1.856   1.906   0.000
 3:46:45      15   1.815   1.865   1.882   1.856   1.906   0.000
 3:46:47      16   1.815   1.865   1.882   1.856   1.906   0.000
 3:46:49      17   1.815   1.865   1.882   1.856   1.906   0.000
 3:46:51      18   1.815   1.864   1.882   1.856   1.906   0.000
 3:46:53      19   1.815   1.865   1.882   1.856   1.906   0.000
 3:46:55      20   1.815   1.865   1.882   1.856   1.906   0.000
 3:46:57      21   1.815   1.865   1.882   1.856   1.906   0.000
 3:46:59      22   1.815   1.865   1.882   1.856   1.906   0.000
 3:47:01      23   1.815   1.865   1.882   1.856   1.906   0.000
 3:47:03      24   1.815   1.865   1.882   1.856   1.906   0.000
 3:47:05      25   1.815   1.865   1.882   1.856   1.906   0.000
 3:47:07      26   1.815   1.865   1.882   1.856   1.906   0.000
 3:47:09      27   1.815   1.865   1.882   1.856   1.906   0.000
 3:47:11      28   1.815   1.865   1.882   1.856   1.906   0.000
 3:47:13      29   1.815   1.865   1.882   1.856   1.906   0.000
 3:47:15      30   1.815   1.865   1.882   1.856   1.906   0.000
 3:47:17      31   1.815   1.865   1.882   1.856   1.906   0.000
 3:47:19      32   1.815   1.865   1.882   1.856   1.906   0.000
 3:47:21      33   1.815   1.865   1.882   1.856   1.906   0.000
 3:47:23      34   1.815   1.865   1.882   1.856   1.906   0.000
 3:47:25      35   1.815   1.865   1.882   1.856   1.906   0.000
 3:47:27      36   1.817   1.865   1.883   1.857   1.906   0.000
 3:47:29      37   1.818   1.865   1.883   1.856   1.907   0.000
 3:47:31      38   1.820   1.866   1.884   1.857   1.906   0.000
 3:47:33      39   1.822   1.866   1.884   1.857   1.906   0.000
 3:47:35      40   1.823   1.867   1.884   1.857   1.907   0.000
 3:47:37      41   1.824   1.867   1.884   1.857   1.907   0.000
 3:47:39      42   1.826   1.868   1.884   1.857   1.908   0.000
 3:47:41      43   1.825   1.868   1.883   1.858   1.910   0.000
 3:47:43      44   1.826   1.870   1.884   1.857   1.905   0.000
 3:47:45      45   1.827   1.871   1.884   1.857   1.905   0.000
 3:47:47      46   1.827   1.872   1.884   1.857   1.906   0.000
 3:47:49      47   1.828   1.872   1.884   1.857   1.906   0.000
 3:47:51      48   1.828   1.872   1.885   1.858   1.907   0.000
 3:47:53      49   1.828   1.871   1.884   1.858   1.907   0.000
 3:47:55      50   1.829   1.871   1.885   1.858   1.907   0.000
 3:47:57      51   1.829   1.870   1.885   1.858   1.907   0.000
 3:47:59      52   1.829   1.870   1.885   1.858   1.907   0.000
 3:48:01      53   1.829   1.870   1.885   1.858   1.907   0.000
 3:48:03      54   1.829   1.870   1.885   1.858   1.907   0.000
 3:48:05      55   1.828   1.870   1.885   1.858   1.907   0.000
 3:48:07      56   1.828   1.869   1.885   1.858   1.906   0.000
 3:48:09      57   1.828   1.869   1.885   1.858   1.905   0.000
 3:48:11      58   1.828   1.872   1.885   1.858   1.905   0.000
 3:48:13      59   1.830   1.875   1.894   1.860   1.905   0.000
 3:48:15      60   1.838   1.881   1.897   1.870   1.908   0.000
 3:48:17      61   1.853   1.892   1.903   1.873   1.909   0.000
 3:48:19      62   1.870   1.901   1.908   1.874   1.909   0.000
 3:48:21      63   1.882   1.904   1.914   1.875   1.909   0.000
 3:48:23      64   1.892   1.908   1.918   1.876   1.909   0.000
 3:48:25      65   1.900   1.911   1.920   1.878   1.908   0.000
 3:48:27      66   1.904   1.912   1.921   1.879   1.908   0.000
 3:48:29      67   1.907   1.914   1.921   1.879   1.908   0.000
 3:48:31      68   1.908   1.914   1.921   1.880   1.908   0.000
 3:48:33      69   1.908   1.915   1.921   1.880   1.908   0.000
 3:48:35      70   1.908   1.915   1.920   1.880   1.908   0.000
 3:48:37      71   1.907   1.915   1.920   1.880   1.908   0.000
 3:48:39      72   1.905   1.914   1.919   1.880   1.908   0.000
 3:48:41      73   1.903   1.914   1.919   1.879   1.908   0.000
 3:48:43      74   1.901   1.914   1.918   1.879   1.908   0.000
 3:48:45      75   1.900   1.913   1.917   1.879   1.908   0.000
 3:48:47      76   1.898   1.913   1.916   1.879   1.909   0.000
 3:48:49      77   1.897   1.917   1.916   1.882   1.910   0.000
 3:48:51      78   1.900   1.923   1.916   1.884   1.911   0.000
 3:48:53      79   1.903   1.927   1.917   1.882   1.938   0.000
 3:48:55      80   1.911   1.942   1.925   1.879   1.937   0.000
 3:48:57      81   1.927   1.960   1.934   1.876   1.935   0.000
 3:48:59      82   1.942   1.972   1.940   1.878   1.935   0.000
 3:49:01      83   1.956   1.983   1.949   1.884   1.938   0.000
 3:49:03      84   1.966   1.989   1.958   1.897   1.948   0.000
 3:49:05      85   1.971   1.991   1.962   1.901   1.949   0.000
 3:49:07      86   1.974   1.993   1.965   1.902   1.948   0.000
 3:49:09      87   1.974   1.995   1.966   1.902   1.946   0.000
 3:49:11      88   1.974   1.995   1.966   1.902   1.943   0.000
 3:49:13      89   1.971   1.993   1.966   1.901   1.941   0.000
 3:49:15      90   1.968   1.993   1.965   1.899   1.938   0.000
 3:49:17      91   1.964   1.991   1.964   1.899   1.937   0.000
 3:49:19      92   1.961   1.989   1.963   1.899   1.937   0.000
 3:49:21      93   1.957   1.986   1.961   1.898   1.936   0.000
 3:49:23      94   1.954   1.985   1.960   1.898   1.935   0.000
 3:49:25      95   1.950   1.982   1.959   1.897   1.934   0.000
 3:49:27      96   1.946   1.980   1.957   1.896   1.933   0.000
 3:49:29      97   1.942   1.977   1.956   1.895   1.932   0.000
 3:49:31      98   1.939   1.976   1.955   1.894   1.932   0.000
 3:49:33      99   1.936   1.973   1.953   1.894   1.930   0.000
 3:49:35     100   1.933   1.971   1.952   1.893   1.930   0.000
 3:49:37     101   1.929   1.969   1.951   1.892   1.929   0.000
 3:49:39     102   1.926   1.967   1.949   1.891   1.929   0.000
 3:49:41     103   1.923   1.965   1.948   1.891   1.928   0.000
 3:49:43     104   1.921   1.963   1.947   1.890   1.927   0.000
 3:49:45     105   1.918   1.961   1.946   1.889   1.927   0.000
 3:49:47     106   1.916   1.960   1.945   1.889   1.927   0.000
 3:49:49     107   1.913   1.957   1.943   1.888   1.927   0.000
 3:49:51     108   1.911   1.956   1.942   1.888   1.926   0.000
 3:49:53     109   1.909   1.954   1.942   1.888   1.926   0.000
 3:49:55     110   1.907   1.952   1.941   1.887   1.926   0.000
 3:49:57     111   1.905   1.951   1.939   1.886   1.925   0.000
 3:49:59     112   1.903   1.950   1.939   1.886   1.925   0.000
 3:50:01     113   1.902   1.948   1.938   1.886   1.924   0.000
 3:50:03     114   1.900   1.947   1.938   1.885   1.924   0.000
 3:50:05     115   1.898   1.946   1.936   1.885   1.924   0.000
 3:50:07     116   1.897   1.945   1.936   1.885   1.924   0.000
 3:50:09     117   1.895   1.943   1.935   1.885   1.923   0.000
 3:50:11     118   1.894   1.942   1.935   1.884   1.923   0.000
 3:50:13     119   1.893   1.941   1.933   1.884   1.923   0.000
 3:50:15     120   1.891   1.941   1.933   1.884   1.923   0.000
 3:50:17     121   1.891   1.939   1.933   1.884   1.923   0.000
 3:50:19     122   1.889   1.938   1.932   1.883   1.923   0.000
 3:50:21     123   1.888   1.938   1.932   1.883   1.923   0.000
 3:50:23     124   1.887   1.936   1.931   1.883   1.922   0.000
 3:50:25     125   1.886   1.936   1.930   1.882   1.922   0.000
 3:50:27     126   1.885   1.934   1.929   1.882   1.922   0.000
 3:50:29     127   1.885   1.934   1.929   1.882   1.921   0.000
 3:50:31     128   1.884   1.933   1.929   1.882   1.921   0.000
 3:50:33     129   1.883   1.932   1.929   1.881   1.921   0.000
 3:50:35     130   1.882   1.932   1.928   1.881   1.921   0.000
 3:50:37     131   1.881   1.930   1.927   1.881   1.921   0.000
 3:50:39     132   1.880   1.930   1.927   1.881   1.921   0.000
 3:50:41     133   1.879   1.929   1.927   1.881   1.921   0.000
 3:50:43     134   1.879   1.929   1.926   1.881   1.921   0.000
 3:50:45     135   1.878   1.928   1.926   1.881   1.921   0.000
 3:50:47     136   1.876   1.927   1.926   1.880   1.921   0.000
 3:50:49     137   1.876   1.927   1.925   1.880   1.920   0.000
 3:50:51     138   1.876   1.926   1.925   1.880   1.920   0.000
 3:50:53     139   1.875   1.925   1.924   1.880   1.920   0.000
 3:50:55     140   1.875   1.925   1.924   1.879   1.920   0.000
 3:50:57     141   1.874   1.924   1.924   1.879   1.920   0.000
 3:50:59     142   1.873   1.923   1.923   1.879   1.920   0.000
 3:51:01     143   1.873   1.923   1.923   1.879   1.920   0.000
 3:51:03     144   1.872   1.923   1.923   1.879   1.920   0.000
 3:51:05     145   1.872   1.922   1.923   1.879   1.920   0.000
 3:51:07     146   1.872   1.921   1.922   1.879   1.920   0.000
 3:51:09     147   1.870   1.921   1.922   1.879   1.920   0.000
 3:51:11     148   1.870   1.921   1.921   1.879   1.920   0.000
 3:51:13     149   1.869   1.920   1.921   1.878   1.919   0.000
 3:51:15     150   1.869   1.920   1.921   1.878   1.920   0.000
 3:51:17     151   1.869   1.919   1.921   1.878   1.920   0.000
 3:51:19     152   1.868   1.919   1.920   1.878   1.919   0.000
 3:51:21     153   1.868   1.919   1.920   1.878   1.919   0.000
 3:51:23     154   1.868   1.918   1.920   1.878   1.919   0.000
 3:51:25     155   1.867   1.918   1.920   1.878   1.919   0.000
 3:51:27     156   1.867   1.917   1.920   1.878   1.919   0.000
 3:51:29     157   1.866   1.917   1.919   1.878   1.919   0.000
 3:51:31     158   1.865   1.916   1.919   1.877   1.919   0.000
 3:51:33     159   1.865   1.916   1.918   1.877   1.919   0.000
 3:51:35     160   1.865   1.916   1.919   1.878   1.919   0.000
 3:51:37     161   1.865   1.916   1.919   1.878   1.919   0.000
 3:51:39     162   1.865   1.915   1.919   1.877   1.919   0.000
 3:51:41     163   1.864   1.914   1.918   1.877   1.919   0.000
 3:51:43     164   1.864   1.914   1.918   1.877   1.919   0.000
 3:51:45     165   1.863   1.914   1.918   1.877   1.919   0.000
 3:51:47     166   1.863   1.914   1.917   1.877   1.919   0.000
 3:51:49     167   1.863   1.913   1.917   1.876   1.919   0.000
 3:51:51     168   1.863   1.913   1.917   1.877   1.919   0.000
 3:51:53     169   1.862   1.913   1.917   1.876   1.919   0.000
 3:51:55     170   1.862   1.913   1.917   1.876   1.919   0.000
 3:51:57     171   1.862   1.912   1.917   1.876   1.919   0.000
 3:51:59     172   1.862   1.912   1.916   1.876   1.919   0.000
 3:52:01     173   1.861   1.911   1.916   1.876   1.918   0.000
 3:52:03     174   1.861   1.911   1.916   1.876   1.918   0.000
 3:52:05     175   1.860   1.910   1.915   1.876   1.917   0.000
 3:52:07     176   1.860   1.911   1.916   1.876   1.918   0.000
 3:52:09     177   1.860   1.910   1.916   1.876   1.918   0.000
 3:52:11     178   1.859   1.910   1.916   1.876   1.918   0.000
 3:52:13     179   1.859   1.910   1.915   1.876   1.918   0.000
 3:52:15     180   1.859   1.910   1.915   1.876   1.918   0.000
 3:52:17     181   1.859   1.910   1.915   1.876   1.918   0.000
 3:52:19     182   1.859   1.909   1.915   1.876   1.918   0.000
 3:52:21     183   1.859   1.909   1.914   1.876   1.918   0.000
 3:52:23     184   1.858   1.908   1.914   1.876   1.918   0.000
 3:52:25     185   1.858   1.908   1.914   1.875   1.918   0.000
 3:52:27     186   1.858   1.908   1.914   1.875   1.917   0.000
 3:52:29     187   1.858   1.908   1.914   1.875   1.918   0.000
 3:52:31     188   1.857   1.908   1.914   1.875   1.917   0.000
 3:52:33     189   1.857   1.907   1.914   1.875   1.918   0.000
 3:52:35     190   1.856   1.907   1.913   1.875   1.917   0.000
 3:52:37     191   1.856   1.907   1.913   1.875   1.917   0.000
 3:52:39     192   1.856   1.906   1.913   1.875   1.917   0.000
 3:52:41     193   1.856   1.906   1.913   1.874   1.917   0.000
 3:52:43     194   1.855   1.906   1.913   1.874   1.917   0.000
 3:52:45     195   1.856   1.906   1.913   1.875   1.917   0.000
 3:52:47     196   1.856   1.906   1.913   1.875   1.917   0.000
 3:52:49     197   1.856   1.906   1.913   1.875   1.917   0.000
 3:52:51     198   1.855   1.905   1.912   1.874   1.917   0.000
 3:52:53     199   1.855   1.905   1.913   1.875   1.917   0.000
 3:52:55     200   1.855   1.904   1.911   1.874   1.917   0.000
 3:52:57     201   1.855   1.904   1.911   1.874   1.917   0.000
 3:52:59     202   1.854   1.904   1.911   1.874   1.917   0.000
 3:53:01     203   1.854   1.904   1.911   1.874   1.917   0.000
 3:53:03     204   1.855   1.905   1.912   1.875   1.917   0.000
 3:53:05     205   1.854   1.904   1.911   1.874   1.917   0.000
 3:53:07     206   1.853   1.904   1.911   1.874   1.917   0.000
 3:53:09     207   1.853   1.904   1.911   1.874   1.917   0.000
 3:53:11     208   1.854   1.904   1.911   1.874   1.917   0.000
 3:53:13     209   1.853   1.903   1.910   1.874   1.916   0.000
 3:53:15     210   1.853   1.904   1.911   1.874   1.917   0.000
 3:53:17     211   1.852   1.903   1.910   1.874   1.916   0.000
 3:53:19     212   1.855   1.921   1.915   1.876   1.923   9.940
 3:53:21     213   1.961   2.204   2.019   1.968   2.137   9.940
 3:53:23     214   2.158   2.558   2.179   2.150   2.426   9.940
 3:53:25     215   2.467   3.017   2.418   2.441   2.790   9.940
 3:53:27     216   2.787   3.435   2.657   2.741   3.112   9.940
 3:53:29     217   3.031   3.723   2.836   2.966   3.331   0.000
 3:53:31     218   3.226   3.791   2.954   3.143   3.381   0.000
 3:53:33     219   3.237   3.632   2.940   3.141   3.225   0.000
 3:53:35     220   3.169   3.461   2.882   3.063   3.076   0.000
 3:53:37     221   3.043   3.252   2.790   2.935   2.905   0.000
 3:53:39     222   2.907   3.065   2.695   2.804   2.764   0.000
 3:53:41     223   2.779   2.906   2.607   2.707   2.670   0.000
 3:53:43     224   2.688   2.796   2.543   2.602   2.572   0.000
 3:53:45     225   2.586   2.679   2.472   2.511   2.492   0.000
 3:53:47     226   2.498   2.580   2.410   2.434   2.425   0.000
 3:53:49     227   2.437   2.513   2.366   2.382   2.380   0.000
 3:53:51     228   2.371   2.442   2.320   2.326   2.332   0.000
 3:53:53     229   2.315   2.381   2.280   2.278   2.291   0.000
 3:53:55     230   2.276   2.340   2.252   2.245   2.263   0.000
 3:53:57     231   2.234   2.295   2.221   2.210   2.232   0.000
 3:53:59     232   2.197   2.256   2.195   2.180   2.206   0.000
 3:54:01     233   2.173   2.230   2.176   2.159   2.187   0.000
 3:54:03     234   2.145   2.201   2.156   2.136   2.167   0.000
 3:54:05     235   2.121   2.176   2.138   2.116   2.149   0.000
 3:54:07     236   2.100   2.159   2.126   2.102   2.137   0.000
 3:54:09     237   2.086   2.140   2.113   2.087   2.123   0.000
 3:54:11     238   2.070   2.123   2.100   2.074   2.111   0.000
 3:54:13     239   2.056   2.108   2.089   2.062   2.100   0.000
 3:54:15     240   2.045   2.098   2.082   2.054   2.093   0.000
 3:54:17     241   2.034   2.086   2.073   2.044   2.084   0.000
 3:54:19     242   2.023   2.075   2.065   2.035   2.075   0.000
 3:54:21     243   2.017   2.068   2.059   2.029   2.070   0.000
 3:54:23     244   2.008   2.060   2.053   2.023   2.063   0.000
 3:54:25     245   2.002   2.053   2.047   2.016   2.057   0.000
 3:54:27     246   1.996   2.047   2.043   2.011   2.053   0.000
 3:54:29     247   1.990   2.041   2.038   2.006   2.048   0.000
 3:54:31     248   1.984   2.035   2.033   2.001   2.043   0.000
 3:54:33     249   1.980   2.031   2.030   1.998   2.040   0.000
 3:54:35     250   1.975   2.026   2.026   1.993   2.036   0.000
 3:54:37     251   1.971   2.022   2.022   1.990   2.032   0.000
 3:54:39     252   1.966   2.017   2.019   1.986   2.029   0.000
 3:54:41     253   1.964   2.014   2.016   1.983   2.026   0.000
 3:54:43     254   1.960   2.010   2.013   1.980   2.023   0.000
 3:54:45     255   1.957   2.008   2.010   1.977   2.020   0.000
 3:54:47     256   1.954   2.005   2.008   1.975   2.018   0.000
 3:54:49     257   1.951   2.002   2.006   1.973   2.016   0.000
 3:54:51     258   1.948   1.998   2.003   1.970   2.013   0.000
 3:54:53     259   1.946   1.997   2.001   1.968   2.011   0.000
 3:54:55     260   1.944   1.995   1.999   1.966   2.009   0.000
 3:54:57     261   1.942   1.992   1.997   1.964   2.007   0.000
 3:54:59     262   1.940   1.991   1.996   1.962   2.005   0.000
 3:55:01     263   1.938   1.988   1.993   1.960   2.003   0.000
 3:55:03     264   1.935   1.986   1.992   1.958   2.002   0.000
 3:55:05     265   1.933   1.985   1.991   1.957   2.000   0.000
 3:55:07     266   1.932   1.982   1.988   1.955   1.998   0.000
 3:55:09     267   1.930   1.980   1.986   1.953   1.997   0.000
 3:55:11     268   1.928   1.979   1.985   1.952   1.995   0.000
 3:55:13     269   1.927   1.977   1.984   1.951   1.994   0.000
 3:55:15     270   1.925   1.976   1.983   1.949   1.992   0.000
 3:55:17     271   1.924   1.974   1.982   1.948   1.991   0.000
 3:55:19     272   1.923   1.973   1.980   1.947   1.990   0.000
 3:55:21     273   1.921   1.972   1.979   1.946   1.989   0.000
 3:55:23     274   1.920   1.970   1.978   1.944   1.987   0.000
 3:55:25     275   1.919   1.969   1.977   1.943   1.987   0.000
 3:55:27     276   1.918   1.968   1.976   1.942   1.986   0.000
 3:55:29     277   1.917   1.967   1.975   1.941   1.985   0.000
 3:55:31     278   1.915   1.966   1.973   1.940   1.983   0.000
 3:55:33     279   1.914   1.965   1.973   1.939   1.983   0.000
 3:55:35     280   1.913   1.963   1.972   1.938   1.981   0.000
 3:55:37     281   1.912   1.963   1.971   1.938   1.980   0.000
 3:55:39     282   1.911   1.961   1.970   1.936   1.980   0.000
 3:55:41     283   1.910   1.960   1.969   1.935   1.978   0.000
 3:55:43     284   1.910   1.960   1.968   1.935   1.978   0.000
 3:55:45     285   1.908   1.959   1.967   1.934   1.977   0.000
 3:55:47     286   1.907   1.957   1.966   1.932   1.976   0.000
 3:55:49     287   1.907   1.957   1.965   1.932   1.976   0.000
 3:55:51     288   1.906   1.956   1.965   1.932   1.975   0.000
 3:55:53     289   1.905   1.955   1.964   1.930   1.974   0.000
 3:55:55     290   1.904   1.954   1.963   1.929   1.973   0.000
 3:55:57     291   1.904   1.954   1.963   1.929   1.973   0.000
 3:55:59     292   1.902   1.952   1.961   1.928   1.971   0.000
 3:56:01     293   1.901   1.951   1.961   1.928   1.971   0.000
 3:56:03     294   1.900   1.951   1.960   1.927   1.970   0.000
 3:56:05     295   1.900   1.950   1.960   1.926   1.970   0.000
 3:56:07     296   1.900   1.950   1.958   1.926   1.969   0.000
 3:56:09     297   1.899   1.948   1.958   1.925   1.968   0.000
 3:56:11     298   1.899   1.948   1.958   1.925   1.968   0.000
 3:56:13     299   1.897   1.947   1.957   1.924   1.967   0.000
 3:56:15     300   1.897   1.946   1.956   1.923   1.966   0.000
 3:56:17     301   1.896   1.946   1.955   1.923   1.966   0.000
 3:56:19     302   1.895   1.945   1.955   1.922   1.966   0.000
 3:56:21     303   1.895   1.945   1.955   1.922   1.965   0.000
 3:56:23     304   1.894   1.945   1.954   1.921   1.964   0.000
 3:56:25     305   1.894   1.944   1.954   1.921   1.964   0.000
 3:56:27     306   1.893   1.943   1.953   1.920   1.963   0.000
 3:56:29     307   1.893   1.942   1.953   1.919   1.963   0.000
 3:56:31     308   1.892   1.942   1.952   1.919   1.962   0.000
 3:56:33     309   1.892   1.941   1.951   1.919   1.962   0.000
 3:56:35     310   1.891   1.941   1.951   1.918   1.961   0.000
 3:56:37     311   1.891   1.941   1.951   1.918   1.961   0.000
 3:56:39     312   1.891   1.941   1.951   1.918   1.961   0.000
 3:56:41     313   1.890   1.939   1.950   1.917   1.960   0.000
 3:56:43     314   1.890   1.939   1.949   1.916   1.960   0.000
 3:56:45     315   1.889   1.938   1.949   1.916   1.959   0.000
 3:56:47     316   1.888   1.938   1.948   1.915   1.958   0.000
 3:56:49     317   1.888   1.938   1.948   1.915   1.958   0.000
 3:56:51     318   1.887   1.937   1.947   1.914   1.958   0.000
 3:56:53     319   1.887   1.936   1.947   1.914   1.957   0.000
 3:56:55     320   1.887   1.936   1.947   1.914   1.957   0.000
 3:56:57     321   1.886   1.936   1.946   1.913   1.957   0.000
 3:56:59     322   1.885   1.935   1.945   1.913   1.956   0.000
 3:57:01     323   1.885   1.935   1.945   1.913   1.956   0.000
 3:57:03     324   1.885   1.934   1.945   1.912   1.955   0.000
 3:57:05     325   1.884   1.934   1.945   1.912   1.955   0.000
 3:57:07     326   1.884   1.933   1.944   1.911   1.955   0.000
 3:57:09     327   1.884   1.933   1.944   1.911   1.955   0.000
 3:57:11     328   1.883   1.933   1.943   1.911   1.954   0.000
 3:57:13     329   1.883   1.932   1.944   1.910   1.954   0.000
 3:57:15     330   1.883   1.932   1.943   1.910   1.954   0.000
 3:57:17     331   1.882   1.932   1.942   1.910   1.953   0.000
 3:57:19     332   1.882   1.931   1.942   1.909   1.953   0.000
 3:57:21     333   1.881   1.931   1.942   1.909   1.953   0.000
 3:57:23     334   1.881   1.931   1.941   1.909   1.953   0.000
 3:57:25     335   1.881   1.930   1.941   1.909   1.952   0.000
 3:57:27     336   1.881   1.930   1.941   1.909   1.951   0.000
 3:57:29     337   1.881   1.930   1.941   1.908   1.952   0.000
 3:57:31     338   1.879   1.929   1.940   1.907   1.951   0.000
 3:57:33     339   1.879   1.929   1.940   1.907   1.951   0.000
 3:57:35     340   1.879   1.929   1.939   1.907   1.951   0.000
 3:57:37     341   1.879   1.928   1.939   1.907   1.950   0.000
 3:57:39     342   1.878   1.928   1.939   1.907   1.950   0.000
 3:57:41     343   1.878   1.928   1.939   1.906   1.950   0.000
 3:57:43     344   1.878   1.927   1.938   1.906   1.950   0.000
 3:57:45     345   1.878   1.927   1.938   1.906   1.949   0.000
 3:57:47     346   1.877   1.926   1.938   1.906   1.949   0.000
 3:57:49     347   1.877   1.926   1.938   1.905   1.949   0.000
 3:57:51     348   1.877   1.926   1.937   1.905   1.948   0.000
 3:57:53     349   1.877   1.926   1.937   1.904   1.948   0.000
 3:57:55     350   1.877   1.925   1.937   1.904   1.948   0.000
 3:57:57     351   1.876   1.925   1.936   1.904   1.948   0.000
 3:57:59     352   1.876   1.925   1.936   1.904   1.947   0.000
 3:58:01     353   1.875   1.925   1.936   1.904   1.947   0.000
 3:58:03     354   1.875   1.925   1.936   1.904   1.947   0.000
 3:58:05     355   1.875   1.924   1.935   1.903   1.946   0.000
 3:58:07     356   1.875   1.924   1.935   1.903   1.946   0.000
 3:58:09     357   1.875   1.923   1.935   1.903   1.946   0.000
 3:58:11     358   1.874   1.923   1.935   1.902   1.946   0.000
 3:58:13     359   1.874   1.923   1.935   1.903   1.946   0.000
 3:58:15     360   1.873   1.923   1.935   1.902   1.946   0.000
 3:58:17     361   1.874   1.922   1.934   1.902   1.945   0.000
 3:58:19     362   1.874   1.922   1.934   1.902   1.945   0.000
 3:58:21     363   1.873   1.922   1.933   1.901   1.945   0.000
 3:58:23     364   1.873   1.921   1.933   1.901   1.945   0.000
 3:58:25     365   1.872   1.921   1.933   1.901   1.945   0.000
 3:58:27     366   1.872   1.921   1.933   1.901   1.945   0.000
 3:58:29     367   1.872   1.921   1.933   1.901   1.944   0.000
 3:58:31     368   1.871   1.921   1.932   1.901   1.944   0.000
 3:58:33     369   1.872   1.920   1.932   1.900   1.944   0.000
 3:58:35     370   1.871   1.920   1.932   1.900   1.944   0.000
 3:58:37     371   1.871   1.920   1.932   1.900   1.944   0.000
 3:58:39     372   1.871   1.920   1.932   1.900   1.943   0.000
 3:58:41     373   1.871   1.920   1.932   1.900   1.943   0.000
 3:58:43     374   1.871   1.920   1.931   1.900   1.943   0.000
 3:58:45     375   1.871   1.919   1.931   1.899   1.943   0.000
 3:58:47     376   1.870   1.919   1.931   1.899   1.942   0.000
 3:58:49     377   1.870   1.919   1.931   1.899   1.942   0.000
 3:58:51     378   1.870   1.919   1.930   1.898   1.942   0.000
 3:58:53     379   1.869   1.919   1.930   1.898   1.942   0.000
 3:58:55     380   1.869   1.919   1.930   1.898   1.942   0.000
 3:58:57     381   1.869   1.918   1.930   1.898   1.942   0.000
 3:58:59     382   1.869   1.918   1.930   1.898   1.942   0.000
 3:59:01     383   1.869   1.918   1.930   1.898   1.941   0.000
 3:59:03     384   1.869   1.917   1.929   1.898   1.941   0.000
 3:59:05     385   1.869   1.917   1.929   1.897   1.941   0.000
 3:59:07     386   1.868   1.917   1.929   1.897   1.941   0.000
 3:59:09     387   1.868   1.917   1.929   1.897   1.941   0.000
 3:59:11     388   1.868   1.917   1.929   1.897   1.941   0.000
 3:59:13     389   1.868   1.917   1.929   1.897   1.941   0.000
 3:59:15     390   1.868   1.916   1.929   1.897   1.940   0.000
 3:59:17     391   1.868   1.916   1.928   1.897   1.940   0.000
 3:59:19     392   1.867   1.916   1.928   1.897   1.940   0.000
 3:59:21     393   1.867   1.916   1.928   1.896   1.940   0.000
 3:59:23     394   1.867   1.916   1.928   1.896   1.940   0.000
 3:59:25     395   1.867   1.916   1.927   1.896   1.939   0.000
 3:59:27     396   1.866   1.916   1.928   1.895   1.939   0.000
 3:59:29     397   1.866   1.915   1.928   1.895   1.939   0.000
 3:59:31     398   1.866   1.915   1.927   1.895   1.939   0.000
 3:59:33     399   1.866   1.915   1.927   1.895   1.939   0.000
 3:59:35     400   1.866   1.914   1.927   1.895   1.939   0.000
 3:59:37     401   1.866   1.914   1.926   1.895   1.939   0.000
 3:59:39     402   1.865   1.914   1.926   1.895   1.939   0.000
 3:59:41     403   1.865   1.914   1.926   1.895   1.939   0.000
 3:59:43     404   1.865   1.914   1.926   1.895   1.938   0.000
 3:59:45     405   1.865   1.914   1.926   1.894   1.938   0.000
 3:59:47     406   1.865   1.914   1.926   1.894   1.938   0.000
 3:59:49     407   1.865   1.914   1.926   1.894   1.938   0.000
 3:59:51     408   1.865   1.913   1.926   1.894   1.938   0.000
 3:59:53     409   1.865   1.913   1.926   1.894   1.938   0.000
 3:59:55     410   1.865   1.913   1.925   1.894   1.938   0.000
 3:59:57     411   1.864   1.913   1.925   1.894   1.938   0.000
 3:59:59     412   1.864   1.913   1.925   1.894   1.937   0.000
 4:00:01     413   1.864   1.913   1.924   1.894   1.937   0.000
 4:00:03     414   1.864   1.913   1.924   1.893   1.937   0.000
 4:00:05     415   1.863   1.913   1.924   1.893   1.937   0.000
 4:00:07     416   1.863   1.912   1.924   1.893   1.937   0.000
 4:00:09     417   1.863   1.912   1.924   1.893   1.937   0.000
 4:00:11     418   1.863   1.912   1.924   1.893   1.936   0.000
 4:00:13     419   1.863   1.911   1.925   1.893   1.936   0.000
 4:00:15     420   1.863   1.911   1.924   1.892   1.936   0.000
 4:00:17     421   1.863   1.911   1.924   1.892   1.936   0.000
 4:00:19     422   1.863   1.911   1.924   1.892   1.936   0.000
 4:00:21     423   1.862   1.911   1.923   1.892   1.936   0.000
 4:00:23     424   1.862   1.911   1.923   1.892   1.936   0.000
 4:00:25     425   1.862   1.911   1.924   1.892   1.936   0.000
 4:00:27     426   1.862   1.911   1.923   1.892   1.936   0.000
 4:00:29     427   1.862   1.911   1.923   1.892   1.936   0.000
 4:00:31     428   1.862   1.911   1.923   1.892   1.936   0.000
 4:00:33     429   1.862   1.910   1.923   1.891   1.936   0.000
 4:00:35     430   1.862   1.910   1.923   1.891   1.936   0.000
 4:00:37     431   1.862   1.910   1.923   1.891   1.935   0.000
 4:00:39     432   1.862   1.910   1.923   1.891   1.935   0.000
 4:00:41     433   1.862   1.910   1.923   1.891   1.935   0.000
 4:00:43     434   1.861   1.910   1.922   1.891   1.935   0.000
 4:00:45     435   1.861   1.910   1.922   1.891   1.935   0.000
 4:00:47     436   1.861   1.910   1.922   1.891   1.935   0.000
 4:00:49     437   1.861   1.909   1.922   1.891   1.935   0.000
 4:00:51     438   1.861   1.909   1.922   1.891   1.935   0.000
 4:00:53     439   1.860   1.909   1.922   1.891   1.935   0.000
 4:00:55     440   1.860   1.909   1.921   1.891   1.935   0.000
 4:00:57     441   1.861   1.909   1.922   1.891   1.934   0.000
 4:00:59     442   1.860   1.909   1.921   1.890   1.934   0.000
 4:01:01     443   1.861   1.909   1.922   1.890   1.934   0.000
 4:01:03     444   1.860   1.908   1.921   1.890   1.934   0.000
 4:01:05     445   1.860   1.909   1.921   1.890   1.934   0.000
 4:01:07     446   1.860   1.908   1.921   1.890   1.934   0.000
 4:01:09     447   1.860   1.908   1.921   1.890   1.934   0.000
 4:01:11     448   1.860   1.908   1.921   1.889   1.933   0.000
 4:01:13     449   1.860   1.908   1.921   1.889   1.933   0.000
 4:01:15     450   1.859   1.908   1.920   1.889   1.933   0.000
 4:01:17     451   1.859   1.908   1.920   1.889   1.933   0.000
 4:01:19     452   1.859   1.908   1.920   1.889   1.933   0.000
 4:01:21     453   1.859   1.908   1.920   1.889   1.933   0.000
 4:01:23     454   1.859   1.907   1.920   1.889   1.933   0.000
 4:01:25     455   1.858   1.907   1.920   1.889   1.933   0.000
 4:01:27     456   1.859   1.907   1.920   1.889   1.933   0.000
 4:01:29     457   1.859   1.907   1.919   1.888   1.933   0.000
 4:01:31     458   1.860   1.911   1.920   1.889   1.955   0.000
 4:01:33     459   1.869   1.921   1.926   1.895   1.957   0.000
 4:01:35     460   1.893   1.934   1.933   1.898   1.955   0.000
 4:01:37     461   1.915   1.944   1.939   1.899   1.952   0.000
 4:01:39     462   1.929   1.949   1.957   1.899   1.952   0.000
 4:01:41     463   1.943   1.958   1.963   1.899   1.946   0.000
 4:01:43     464   1.953   1.964   1.963   1.899   1.942   0.000
 4:01:45     465   1.958   1.966   1.963   1.900   1.939   0.000
 4:01:47     466   1.960   1.967   1.961   1.899   1.938   0.000
 4:01:49     467   1.960   1.967   1.960   1.899   1.936   0.000
 4:01:51     468   1.959   1.967   1.958   1.900   1.939   0.000
 4:01:53     469   1.961   1.971   1.955   1.899   1.935   0.000
 4:01:55     470   1.963   1.970   1.951   1.895   1.929   0.000
 4:01:57     471   1.959   1.965   1.946   1.892   1.928   0.000
 4:01:59     472   1.954   1.961   1.941   1.888   1.923   0.000
 4:02:01     473   1.946   1.954   1.934   1.885   1.919   0.000
 4:02:03     474   1.940   1.948   1.929   1.881   1.916   0.000
 4:02:05     475   1.938   1.945   1.926   1.879   1.915   0.000
 4:02:07     476   1.936   1.941   1.923   1.877   1.914   0.000
 4:02:09     477   1.935   1.938   1.921   1.876   1.914   0.000
 4:02:11     478   1.933   1.935   1.919   1.875   1.914   0.000
 4:02:13     479   1.931   1.932   1.917   1.874   1.914   0.000
 4:02:15     480   1.928   1.929   1.916   1.873   1.914   0.000
 4:02:17     481   1.926   1.926   1.916   1.873   1.914   0.000
 4:02:19     482   1.923   1.924   1.916   1.873   1.914   0.000
 4:02:21     483   1.920   1.922   1.915   1.873   1.913   0.000
 4:02:23     484   1.918   1.920   1.915   1.873   1.913   0.000
 4:02:25     485   1.916   1.919   1.915   1.873   1.913   0.000
 4:02:27     486   1.913   1.917   1.915   1.873   1.912   0.000
 4:02:29     487   1.910   1.916   1.915   1.873   1.912   0.000
 4:02:31     488   1.908   1.914   1.915   1.873   1.911   0.000
 4:02:33     489   1.905   1.913   1.915   1.873   1.911   0.000
 4:02:35     490   1.903   1.912   1.915   1.873   1.912   0.000
 4:02:37     491   1.902   1.911   1.915   1.874   1.911   0.000
 4:02:39     492   1.901   1.911   1.914   1.873   1.910   0.000
 4:02:41     493   1.899   1.911   1.914   1.872   1.910   0.000
 4:02:43     494   1.897   1.909   1.913   1.871   1.910   0.000
 4:02:45     495   1.894   1.907   1.911   1.869   1.908   0.000
 4:02:47     496   1.889   1.903   1.908   1.868   1.908   0.000
 4:02:49     497   1.886   1.901   1.906   1.866   1.908   0.000
 4:02:51     498   1.882   1.898   1.903   1.865   1.908   0.000
 4:02:53     499   1.877   1.895   1.901   1.864   1.907   0.000
 4:02:55     500   1.872   1.891   1.898   1.863   1.907   0.000
 4:02:57     501   1.869   1.889   1.897   1.862   1.907   0.000
 4:02:59     502   1.866   1.886   1.895   1.862   1.907   0.000
 4:03:01     503   1.862   1.885   1.893   1.861   1.907   0.000
 4:03:03     504   1.859   1.882   1.892   1.860   1.907   0.000
 4:03:05     505   1.856   1.881   1.891   1.860   1.907   0.000
 4:03:07     506   1.852   1.879   1.890   1.859   1.907   0.000
 4:03:09     507   1.850   1.878   1.889   1.859   1.907   0.000
 4:03:11     508   1.847   1.877   1.888   1.859   1.907   0.000
 4:03:13     509   1.845   1.876   1.888   1.859   1.907   0.000
 4:03:15     510   1.842   1.875   1.887   1.858   1.907   0.000
 4:03:17     511   1.840   1.874   1.886   1.858   1.906   0.000
 4:03:19     512   1.837   1.873   1.885   1.857   1.905   0.000
 4:03:21     513   1.836   1.872   1.885   1.857   1.905   0.000
 4:03:23     514   1.834   1.872   1.885   1.857   1.905   0.000
 4:03:25     515   1.833   1.871   1.885   1.857   1.906   0.000
 4:03:27     516   1.831   1.870   1.884   1.857   1.906   0.000
 4:03:29     517   1.831   1.870   1.884   1.857   1.906   0.000
 4:03:31     518   1.830   1.869   1.884   1.857   1.906   0.000
 4:03:33     519   1.828   1.869   1.884   1.857   1.906   0.000
 4:03:35     520   1.828   1.869   1.884   1.857   1.907   0.000
 4:03:37     521   1.827   1.868   1.884   1.857   1.906   0.000
 4:03:39     522   1.827   1.868   1.884   1.857   1.906   0.000
 4:03:41     523   1.826   1.868   1.884   1.856   1.906   0.000
 4:03:43     524   1.826   1.868   1.884   1.856   1.906   0.000
 4:03:45     525   1.826   1.868   1.884   1.856   1.907   0.000
 4:03:47     526   1.825   1.867   1.883   1.856   1.906   0.000
 4:03:49     527   1.824   1.867   1.883   1.856   1.906   0.000
 4:03:51     528   1.824   1.867   1.883   1.857   1.907   0.000
 4:03:53     529   1.823   1.866   1.883   1.857   1.907   0.000
 4:03:55     530   1.823   1.866   1.883   1.857   1.907   0.000
 4:03:57     531   1.821   1.866   1.883   1.857   1.907   0.000
 4:03:59     532   1.821   1.866   1.883   1.857   1.907   0.000
 4:04:01     533   1.820   1.866   1.883   1.857   1.907   0.000
 4:04:03     534   1.820   1.866   1.884   1.857   1.907   0.000
 4:04:05     535   1.819   1.866   1.884   1.857   1.907   0.000
 4:04:07     536   1.819   1.866   1.884   1.857   1.907   0.000
 4:04:09     537   1.818   1.866   1.884   1.857   1.907   0.000
 4:04:11     538   1.818   1.866   1.883   1.856   1.906   0.000
 4:04:13     539   1.818   1.866   1.884   1.857   1.907   0.000
 4:04:15     540   1.817   1.866   1.883   1.856   1.907   0.000
 4:04:17     541   1.817   1.866   1.884   1.857   1.907   0.000
 4:04:19     542   1.817   1.866   1.884   1.857   1.907   0.000
 4:04:21     543   1.817   1.866   1.884   1.857   1.907   0.000
 4:04:23     544   1.817   1.866   1.884   1.857   1.907   0.000
 4:04:25     545   1.817   1.866   1.884   1.857   1.907   0.000
 4:04:27     546   1.817   1.866   1.883   1.857   1.907   0.000
 4:04:29     547   1.817   1.866   1.884   1.857   1.907   0.000
 4:04:31     548   1.816   1.865   1.883   1.857   1.907   0.000
 4:04:33     549   1.817   1.866   1.884   1.857   1.907   0.000
 4:04:35     550   1.817   1.866   1.884   1.857   1.907   0.000
 4:04:37     551   1.817   1.866   1.884   1.857   1.907   0.000
 4:04:39     552   1.817   1.866   1.884   1.857   1.907   0.000
 4:04:41     553   1.817   1.866   1.884   1.857   1.907   0.000
 4:04:43     554   1.817   1.866   1.884   1.857   1.907   0.000
 4:04:45     555   1.817   1.866   1.884   1.857   1.907   0.000
 4:04:47     556   1.817   1.866   1.884   1.857   1.907   0.000
 4:04:49     557   1.816   1.866   1.884   1.857   1.907   0.000
 4:04:51     558   1.816   1.865   1.882   1.857   1.907   0.000
 4:04:53     559   1.816   1.866   1.884   1.857   1.907   0.000
 4:04:55     560   1.816   1.866   1.884   1.857   1.906   0.000
 4:04:57     561   1.816   1.865   1.883   1.856   1.904   0.000
 4:04:59     562   1.816   1.865   1.883   1.856   1.906   0.000
 4:05:01     563   1.816   1.866   1.884   1.857   1.906   0.000
 4:05:03     564   1.816   1.865   1.884   1.856   1.905   0.000
 4:05:05     565   1.816   1.866   1.884   1.857   1.908   0.000
 4:05:07     566   1.816   1.866   1.884   1.857   1.908   0.000
 4:05:09     567   1.817   1.866   1.884   1.857   1.908   0.000
 4:05:11     568   1.816   1.865   1.883   1.857   1.907   0.000
 4:05:13     569   1.816   1.865   1.884   1.857   1.907   0.000
 4:05:15     570   1.815   1.865   1.883   1.857   1.907   0.000
 4:05:17     571   1.816   1.865   1.884   1.857   1.907   0.000
 4:05:19     572   1.815   1.865   1.884   1.857   1.907   0.000
 4:05:21     573   1.815   1.865   1.884   1.857   1.907   0.000
 4:05:23     574   1.816   1.865   1.882   1.856   1.906   0.000
 4:05:25     575   1.815   1.865   1.883   1.857   1.907   0.000
 4:05:27     576   1.815   1.865   1.883   1.857   1.907   0.000
 4:05:29     577   1.815   1.864   1.882   1.856   1.906   0.000
 4:05:31     578   1.815   1.864   1.882   1.856   1.906   0.000
 4:05:33     579   1.815   1.865   1.883   1.857   1.907   0.000
 4:05:35     580   1.815   1.865   1.883   1.857   1.907   0.000
 4:05:37     581   1.815   1.865   1.883   1.857   1.907   0.000
 4:05:39     582   1.815   1.865   1.883   1.857   1.907   0.000
 4:05:41     583   1.815   1.864   1.882   1.856   1.906   0.000
 4:05:43     584   1.815   1.864   1.882   1.856   1.906   0.000
 4:05:45     585   1.815   1.864   1.882   1.856   1.906   0.000
 4:05:47     586   1.815   1.865   1.883   1.857   1.907   0.000
 4:05:49     587   1.815   1.865   1.882   1.857   1.907   0.000
 4:05:51     588   1.815   1.865   1.883   1.857   1.907   0.000
 4:05:53     589   1.815   1.865   1.883   1.857   1.907   0.000
 4:05:55     590   1.815   1.865   1.883   1.857   1.907   0.000
 4:05:57     591   1.815   1.864   1.883   1.856   1.906   0.000
 4:05:59     592   1.815   1.865   1.883   1.857   1.907   0.000
 4:06:01     593   1.815   1.864   1.883   1.856   1.906   0.000
 4:06:03     594   1.815   1.865   1.883   1.856   1.906   0.000
 4:06:05     595   1.816   1.865   1.884   1.857   1.905   0.000
 4:06:07     596   1.816   1.865   1.884   1.858   1.902   0.000
 4:06:09     597   1.816   1.865   1.884   1.859   1.907   0.000
 4:06:11     598   1.815   1.865   1.883   1.860   1.907   0.000
 4:06:13     599   1.815   1.865   1.884   1.860   1.908   0.000
 4:06:15     600   1.816   1.865   1.883   1.860   1.907   0.000
 4:06:17     601   1.816   1.865   1.884   1.860   1.907   0.000
 4:06:19     602   1.816   1.865   1.884   1.860   1.907   0.000
 4:06:21     603   1.816   1.865   1.884   1.860   1.907   0.000
 4:06:23     604   1.816   1.866   1.884   1.860   1.907   0.000
 4:06:25     605   1.816   1.865   1.884   1.859   1.906   0.000
 4:06:27     606   1.816   1.865   1.884   1.859   1.906   0.000
 4:06:29     607   1.816   1.865   1.884   1.859   1.907   0.000
 4:06:31     608   1.816   1.865   1.884   1.859   1.906   0.000
 4:06:33     609   1.816   1.865   1.884   1.859   1.907   0.000
 4:06:35     610   1.816   1.865   1.884   1.859   1.907   0.000
 4:06:37     611   1.816   1.865   1.884   1.858   1.907   0.000
 4:06:39     612   1.817   1.866   1.884   1.859   1.907   0.000
 4:06:41     613   1.816   1.865   1.884   1.858   1.907   0.000
 4:06:43     614   1.816   1.865   1.884   1.858   1.907   0.000
 4:06:45     615   1.817   1.866   1.884   1.859   1.907   0.000
 4:06:47     616   1.815   1.866   1.884   1.858   1.907   0.000
 4:06:49     617   1.817   1.866   1.884   1.858   1.907   0.000
 4:06:51     618   1.817   1.866   1.884   1.858   1.907   0.000
 4:06:53     619   1.817   1.866   1.884   1.858   1.907   0.000
 4:06:55     620   1.816   1.865   1.884   1.858   1.907   0.000
 4:06:57     621   1.816   1.865   1.884   1.858   1.907   0.000
 4:06:59     622   1.816   1.865   1.884   1.858   1.907   0.000
 4:07:01     623   1.816   1.865   1.884   1.858   1.907   0.000
 4:07:03     624   1.817   1.866   1.884   1.857   1.907   0.000
 4:07:05     625   1.816   1.865   1.884   1.857   1.907   0.000
 4:07:07     626   1.816   1.866   1.884   1.857   1.907   0.000
 4:07:09     627   1.816   1.866   1.884   1.857   1.907   0.000
 4:07:11     628   1.816   1.865   1.884   1.857   1.907   0.000
 4:07:13     629   1.816   1.866   1.884   1.857   1.907   0.000
 4:07:15     630   1.816   1.866   1.884   1.857   1.907   0.000
 4:07:17     631   1.816   1.866   1.884   1.857   1.907   0.000
 4:07:19     632   1.816   1.866   1.884   1.857   1.907   0.000
 4:07:21     633   1.817   1.866   1.884   1.857   1.907   0.000
 4:07:23     634   1.817   1.866   1.884   1.857   1.907   0.000
 4:07:25     635   1.816   1.866   1.884   1.857   1.907   0.000
 4:07:27     636   1.817   1.866   1.884   1.857   1.907   0.000
 4:07:29     637   1.817   1.866   1.884   1.857   1.907   0.000
 4:07:31     638   1.817   1.866   1.884   1.857   1.907   0.000
 4:07:33     639   1.817   1.866   1.884   1.857   1.907   0.000
 4:07:35     640   1.817   1.866   1.884   1.857   1.907   0.000
 4:07:37     641   1.817   1.866   1.884   1.857   1.907   0.000
 4:07:39     642   1.817   1.866   1.884   1.857   1.907   0.000
 4:07:41     643   1.817   1.866   1.884   1.857   1.907   0.000
 4:07:43     644   1.817   1.866   1.884   1.857   1.907   0.000
 4:07:45     645   1.816   1.866   1.884   1.857   1.907   0.000
 4:07:47     646   1.816   1.866   1.884   1.857   1.907   0.000
 4:07:49     647   1.816   1.866   1.884   1.857   1.907   0.000
 4:07:51     648   1.816   1.866   1.884   1.857   1.907   0.000
 4:07:53     649   1.817   1.866   1.884   1.857   1.907   0.000
 4:07:55     650   1.817   1.866   1.884   1.857   1.907   0.000
 4:07:57     651   1.817   1.865   1.884   1.857   1.907   0.000
 4:07:59     652   1.817   1.866   1.884   1.857   1.907   0.000
 4:08:01     653   1.817   1.867   1.884   1.857   1.907   0.000
 4:08:03     654   1.817   1.866   1.884   1.857   1.907   0.000
 4:08:05     655   1.817   1.866   1.884   1.857   1.907   0.000
 4:08:07     656   1.818   1.866   1.884   1.857   1.907   0.000
 4:08:09     657   1.817   1.866   1.884   1.857   1.907   0.000
 4:08:11     658   1.817   1.866   1.884   1.857   1.907   0.000
 4:08:13     659   1.817   1.866   1.884   1.857   1.907   0.000
 4:08:15     660   1.817   1.866   1.884   1.857   1.907   0.000
 4:08:17     661   1.817   1.866   1.884   1.857   1.907   0.000
 4:08:19     662   1.817   1.866   1.884   1.857   1.907   0.000
 4:08:21     663   1.817   1.866   1.884   1.857   1.907   0.000
 4:08:23     664   1.817   1.866   1.884   1.857   1.907   0.000
 4:08:25     665   1.817   1.866   1.884   1.857   1.907   0.000
 4:08:27     666   1.817   1.866   1.884   1.857   1.907   0.000
 4:08:29     667   1.817   1.866   1.884   1.857   1.907   0.000
 4:08:31     668   1.817   1.866   1.884   1.857   1.907   0.000
 4:08:33     669   1.817   1.866   1.884   1.857   1.907   0.000
 4:08:35     670   1.817   1.866   1.884   1.857   1.907   0.000
 4:08:37     671   1.817   1.866   1.884   1.857   1.907   0.000
 4:08:39     672   1.817   1.866   1.884   1.857   1.907   0.000
 4:08:41     673   1.817   1.866   1.884   1.857   1.907   0.000
 4:08:43     674   1.816   1.866   1.884   1.857   1.907   0.000
 4:08:45     675   1.817   1.866   1.884   1.857   1.907   0.000
 4:08:47     676   1.817   1.866   1.884   1.857   1.907   0.000
