start of data file.
siteName: jhf2
Probe serial Number: 1

Date    Meas#    T1(B)       T2       T3       T4    T5(T)        H
-------------------------------------------------------------------
22:40:51    1  001.540  001.596  001.560  001.648  001.781  000.000
22:40:53    2  001.539  001.595  001.560  001.648  001.781  000.000
22:40:55    3  001.539  001.594  001.560  001.648  001.781  000.000
22:40:57    4  001.538  001.594  001.559  001.648  001.781  000.000
22:40:59    5  001.538  001.594  001.560  001.648  001.781  000.000
22:41:01    6  001.538  001.594  001.559  001.648  001.781  000.000
22:41:03    7  001.538  001.594  001.560  001.648  001.781  000.000
22:41:05    8  001.538  001.594  001.560  001.648  001.781  000.000
22:41:07    9  001.538  001.594  001.560  001.648  001.782  000.000
22:41:09   10  001.538  001.594  001.560  001.648  001.782  000.000
22:41:11   11  001.538  001.594  001.560  001.648  001.781  000.000
22:41:13   12  001.538  001.594  001.560  001.648  001.781  000.000
22:41:15   13  001.538  001.594  001.560  001.648  001.782  000.000
22:41:17   14  001.538  001.594  001.560  001.648  001.782  000.000
22:41:19   15  001.538  001.594  001.560  001.648  001.782  000.000
22:41:21   16  001.538  001.594  001.560  001.648  001.782  000.000
22:41:23   17  001.538  001.594  001.560  001.648  001.782  000.000
22:41:25   18  001.538  001.594  001.560  001.648  001.782  000.000
22:41:27   19  001.538  001.594  001.560  001.648  001.782  000.000
22:41:29   20  001.538  001.594  001.560  001.648  001.782  000.000
22:41:31   21  001.538  001.594  001.560  001.648  001.782  000.000
22:41:33   22  001.538  001.594  001.560  001.648  001.782  000.000
22:41:35   23  001.538  001.594  001.560  001.648  001.782  000.000
22:41:37   24  001.539  001.594  001.560  001.649  001.782  000.000
22:41:39   25  001.539  001.594  001.560  001.648  001.782  000.000
22:41:41   26  001.538  001.594  001.560  001.648  001.781  000.000
22:41:43   27  001.538  001.594  001.560  001.648  001.781  000.000
22:41:45   28  001.538  001.594  001.560  001.648  001.781  000.000
22:41:47   29  001.539  001.594  001.560  001.648  001.782  000.000
22:41:49   30  001.538  001.594  001.560  001.648  001.781  000.000
22:41:51   31  001.540  001.596  001.561  001.651  001.784  000.000
22:41:53   32  001.544  001.595  001.561  001.649  001.783  000.000
22:41:55   33  001.549  001.595  001.561  001.649  001.784  000.000
22:41:57   34  001.559  001.595  001.561  001.651  001.781  000.000
22:41:59   35  001.593  001.596  001.560  001.651  001.786  000.000
22:42:01   36  001.632  001.603  001.560  001.650  001.787  000.000
22:42:03   37  001.680  001.624  001.566  001.648  001.783  000.000
22:42:05   38  001.719  001.655  001.580  001.652  001.788  000.000
22:42:07   39  001.743  001.681  001.594  001.658  001.792  000.000
22:42:09   40  001.764  001.708  001.612  001.665  001.793  000.000
22:42:11   41  001.779  001.730  001.629  001.673  001.794  000.000
22:42:13   42  001.787  001.744  001.641  001.678  001.795  000.000
22:42:15   43  001.795  001.758  001.653  001.685  001.796  000.000
22:42:17   44  001.801  001.769  001.663  001.690  001.797  000.000
22:42:19   45  001.803  001.776  001.670  001.695  001.797  000.000
22:42:21   46  001.806  001.782  001.677  001.699  001.798  000.000
22:42:23   47  001.808  001.788  001.684  001.704  001.799  000.000
22:42:25   48  001.809  001.792  001.687  001.706  001.800  000.000
22:42:27   49  001.809  001.795  001.690  001.709  001.801  000.000
22:42:29   50  001.810  001.796  001.693  001.711  001.801  000.000
22:42:31   51  001.810  001.799  001.696  001.714  001.801  000.000
22:42:33   52  001.810  001.801  001.698  001.716  001.802  000.000
22:42:35   53  001.810  001.802  001.700  001.719  001.803  000.000
22:42:37   54  001.809  001.802  001.701  001.719  001.803  000.000
22:42:39   55  001.809  001.803  001.702  001.721  001.804  000.000
22:42:41   56  001.808  001.803  001.702  001.722  001.804  000.000
22:42:43   57  001.808  001.803  001.704  001.724  001.805  000.000
22:42:45   58  001.807  001.804  001.705  001.725  001.805  000.000
22:42:47   59  001.806  001.803  001.705  001.726  001.806  000.000
22:42:49   60  001.805  001.804  001.705  001.727  001.806  000.000
22:42:51   61  001.805  001.803  001.706  001.728  001.806  000.000
22:42:53   62  001.804  001.804  001.706  001.728  001.806  000.000
22:42:55   63  001.803  001.803  001.706  001.730  001.806  000.000
22:42:57   64  001.802  001.803  001.706  001.730  001.806  000.000
22:42:59   65  001.802  001.803  001.707  001.731  001.806  000.000
22:43:01   66  001.801  001.803  001.708  001.732  001.807  000.000
22:43:03   67  001.801  001.803  001.708  001.733  001.808  000.000
22:43:05   68  001.800  001.802  001.708  001.733  001.808  000.000
22:43:07   69  001.799  001.802  001.708  001.734  001.807  000.000
22:43:09   70  001.799  001.802  001.708  001.734  001.808  000.000
22:43:11   71  001.798  001.802  001.708  001.734  001.808  000.000
22:43:13   72  001.798  001.802  001.709  001.736  001.808  000.000
22:43:15   73  001.798  001.802  001.709  001.736  001.809  000.000
22:43:17   74  001.797  001.801  001.709  001.736  001.809  000.000
22:43:19   75  001.796  001.801  001.708  001.736  001.809  000.000
22:43:21   76  001.796  001.801  001.708  001.736  001.809  000.000
22:43:23   77  001.796  001.801  001.708  001.737  001.809  000.000
22:43:25   78  001.795  001.800  001.708  001.737  001.809  000.000
22:43:27   79  001.795  001.801  001.709  001.738  001.810  000.000
22:43:29   80  001.795  001.801  001.709  001.738  001.810  000.000
22:43:31   81  001.795  001.800  001.709  001.738  001.810  000.000
22:43:33   82  001.793  001.799  001.708  001.738  001.810  000.000
22:43:35   83  001.794  001.800  001.709  001.739  001.811  000.000
22:43:37   84  001.793  001.799  001.709  001.740  001.811  000.000
22:43:39   85  001.793  001.799  001.709  001.740  001.811  000.000
22:43:41   86  001.793  001.799  001.709  001.740  001.811  000.000
22:43:43   87  001.792  001.799  001.710  001.740  001.811  000.000
22:43:45   88  001.792  001.799  001.709  001.740  001.811  000.000
22:43:47   89  001.792  001.799  001.710  001.740  001.811  000.000
22:43:49   90  001.792  001.799  001.711  001.741  001.811  000.000
22:43:51   91  001.791  001.799  001.711  001.742  001.811  000.000
22:43:53   92  001.790  001.798  001.711  001.741  001.811  000.000
22:43:55   93  001.790  001.798  001.711  001.741  001.811  000.000
22:43:57   94  001.790  001.798  001.710  001.741  001.811  000.000
22:43:59   95  001.790  001.798  001.710  001.741  001.811  000.000
22:44:01   96  001.789  001.797  001.711  001.742  001.811  000.000
22:44:03   97  001.790  001.797  001.711  001.743  001.812  000.000
22:44:05   98  001.789  001.797  001.711  001.743  001.812  000.000
22:44:07   99  001.790  001.797  001.712  001.743  001.812  000.000
22:44:09  100  001.790  001.798  001.712  001.743  001.812  000.000
22:44:11  101  001.789  001.797  001.711  001.743  001.811  000.000
22:44:13  102  001.789  001.797  001.712  001.743  001.812  000.000
22:44:15  103  001.789  001.797  001.712  001.743  001.812  000.000
22:44:17  104  001.789  001.796  001.711  001.743  001.812  000.000
22:44:19  105  001.789  001.797  001.712  001.744  001.813  000.000
22:44:21  106  001.789  001.797  001.712  001.744  001.813  000.000
22:44:23  107  001.789  001.797  001.712  001.744  001.812  000.000
22:44:25  108  001.788  001.797  001.713  001.744  001.812  000.000
22:44:27  109  001.788  001.797  001.712  001.744  001.812  000.000
22:44:29  110  001.787  001.796  001.712  001.745  001.813  000.000
22:44:31  111  001.787  001.796  001.713  001.746  001.813  000.000
22:44:33  112  001.787  001.796  001.713  001.746  001.813  000.000
22:44:35  113  001.787  001.796  001.713  001.746  001.813  000.000
22:44:37  114  001.787  001.796  001.712  001.745  001.812  000.000
22:44:39  115  001.787  001.796  001.714  001.746  001.813  000.000
22:44:41  116  001.787  001.796  001.713  001.746  001.813  000.000
22:44:43  117  001.787  001.796  001.714  001.746  001.814  000.000
22:44:45  118  001.787  001.796  001.713  001.747  001.814  000.000
22:44:47  119  001.787  001.796  001.713  001.746  001.814  000.000
22:44:49  120  001.787  001.796  001.714  001.746  001.813  000.000
22:44:51  121  001.787  001.796  001.714  001.746  001.813  000.000
22:44:53  122  001.787  001.796  001.714  001.747  001.814  000.000
22:44:55  123  001.786  001.796  001.714  001.747  001.814  000.000
22:44:57  124  001.787  001.796  001.714  001.747  001.814  000.000
22:44:59  125  001.786  001.796  001.714  001.747  001.814  000.000
22:45:01  126  001.786  001.795  001.714  001.747  001.814  000.000
22:45:03  127  001.786  001.796  001.714  001.748  001.814  000.000
22:45:05  128  001.786  001.796  001.715  001.748  001.814  000.000
22:45:07  129  001.786  001.796  001.714  001.749  001.814  000.000
22:45:09  130  001.786  001.795  001.715  001.749  001.814  000.000
22:45:11  131  001.786  001.796  001.715  001.749  001.815  000.000
22:45:13  132  001.786  001.795  001.714  001.749  001.815  000.000
22:45:15  133  001.786  001.796  001.715  001.749  001.815  000.000
22:45:17  134  001.786  001.796  001.715  001.749  001.815  000.000
22:45:19  135  001.786  001.795  001.715  001.749  001.815  000.000
22:45:21  136  001.786  001.796  001.715  001.750  001.815  000.000
22:45:23  137  001.786  001.796  001.715  001.750  001.815  000.000
22:45:25  138  001.786  001.796  001.716  001.750  001.816  000.000
22:45:27  139  001.785  001.796  001.716  001.750  001.816  000.000
22:45:29  140  001.786  001.796  001.716  001.750  001.816  000.000
22:45:31  141  001.786  001.796  001.716  001.750  001.815  000.000
22:45:33  142  001.785  001.795  001.715  001.750  001.816  000.000
22:45:35  143  001.786  001.796  001.716  001.751  001.816  000.000
22:45:37  144  001.785  001.795  001.715  001.750  001.817  000.000
22:45:39  145  001.785  001.795  001.715  001.750  001.817  000.000
22:45:41  146  001.785  001.795  001.715  001.751  001.816  000.000
22:45:43  147  001.785  001.795  001.716  001.751  001.815  000.000
22:45:45  148  001.784  001.795  001.715  001.750  001.815  000.000
22:45:47  149  001.784  001.795  001.715  001.751  001.816  000.000
22:45:49  150  001.784  001.795  001.716  001.752  001.817  000.000
22:45:51  151  001.784  001.795  001.716  001.752  001.817  000.000
22:45:53  152  001.784  001.795  001.715  001.752  001.817  000.000
22:45:55  153  001.785  001.795  001.715  001.751  001.816  000.000
22:45:57  154  001.784  001.795  001.715  001.752  001.816  000.000
22:45:59  155  001.785  001.795  001.716  001.752  001.816  000.000
22:46:01  156  001.785  001.795  001.716  001.753  001.817  000.000
22:46:03  157  001.784  001.795  001.716  001.753  001.817  000.000
22:46:05  158  001.784  001.795  001.716  001.752  001.816  000.000
22:46:07  159  001.784  001.795  001.715  001.752  001.817  000.000
22:46:09  160  001.784  001.795  001.716  001.753  001.817  000.000
22:46:11  161  001.784  001.795  001.716  001.753  001.817  000.000
22:46:13  162  001.784  001.795  001.716  001.753  001.817  000.000
22:46:15  163  001.785  001.795  001.716  001.753  001.818  000.000
22:46:17  164  001.785  001.795  001.716  001.753  001.817  000.000
22:46:19  165  001.784  001.795  001.716  001.752  001.817  000.000
22:46:21  166  001.784  001.794  001.716  001.753  001.817  000.000
22:46:23  167  001.784  001.795  001.716  001.753  001.817  000.000
22:46:25  168  001.784  001.795  001.716  001.753  001.818  000.000
22:46:27  169  001.784  001.795  001.716  001.753  001.817  000.000
22:46:29  170  001.784  001.795  001.716  001.753  001.817  000.000
22:46:31  171  001.784  001.795  001.716  001.753  001.817  000.000
22:46:33  172  001.783  001.794  001.716  001.753  001.817  000.000
22:46:35  173  001.784  001.794  001.715  001.753  001.817  000.000
22:46:37  174  001.784  001.794  001.716  001.753  001.818  000.000
22:46:39  175  001.784  001.795  001.716  001.753  001.817  000.000
22:46:41  176  001.783  001.793  001.715  001.753  001.817  000.000
22:46:43  177  001.784  001.794  001.716  001.754  001.817  000.000
22:46:45  178  001.784  001.794  001.716  001.754  001.817  000.000
22:46:47  179  001.783  001.794  001.716  001.753  001.816  000.000
22:46:49  180  001.783  001.794  001.716  001.753  001.816  000.000
22:46:51  181  001.783  001.794  001.717  001.754  001.816  000.000
22:46:53  182  001.783  001.793  001.717  001.754  001.817  000.000
22:46:55  183  001.783  001.794  001.717  001.754  001.817  000.000
22:46:57  184  001.784  001.794  001.716  001.754  001.817  000.000
22:46:59  185  001.783  001.794  001.716  001.754  001.817  000.000
22:47:01  186  001.783  001.794  001.716  001.755  001.817  000.000
22:47:03  187  001.783  001.794  001.716  001.754  001.818  000.000
22:47:05  188  001.783  001.794  001.716  001.754  001.818  000.000
22:47:07  189  001.783  001.793  001.715  001.754  001.818  000.000
22:47:09  190  001.783  001.793  001.716  001.755  001.817  000.000
22:47:11  191  001.783  001.793  001.715  001.754  001.817  000.000
22:47:13  192  001.782  001.793  001.715  001.754  001.818  000.000
22:47:15  193  001.783  001.793  001.716  001.755  001.817  000.000
22:47:17  194  001.783  001.793  001.716  001.755  001.817  000.000
22:47:19  195  001.783  001.793  001.715  001.755  001.817  000.000
22:47:21  196  001.783  001.793  001.716  001.755  001.817  000.000
22:47:23  197  001.783  001.793  001.716  001.755  001.817  000.000
22:47:25  198  001.783  001.793  001.716  001.755  001.818  000.000
22:47:27  199  001.782  001.794  001.716  001.755  001.818  000.000
22:47:29  200  001.783  001.793  001.715  001.755  001.818  000.000
22:47:31  201  001.783  001.793  001.716  001.756  001.818  000.000
22:47:33  202  001.783  001.793  001.716  001.755  001.818  000.000
22:47:35  203  001.783  001.793  001.715  001.755  001.818  000.000
22:47:37  204  001.782  001.793  001.715  001.755  001.818  000.000
22:47:39  205  001.783  001.793  001.715  001.755  001.818  000.000
22:47:41  206  001.783  001.793  001.716  001.756  001.818  000.000
22:47:43  207  001.782  001.793  001.715  001.756  001.818  000.000
22:47:45  208  001.782  001.793  001.716  001.756  001.818  000.000
22:47:47  209  001.782  001.793  001.716  001.756  001.818  000.000
22:47:49  210  001.783  001.793  001.716  001.756  001.818  000.000
22:47:51  211  001.782  001.793  001.715  001.756  001.818  000.000
22:47:53  212  001.783  001.793  001.716  001.756  001.818  000.000
22:47:55  213  001.783  001.793  001.716  001.757  001.818  000.000
22:47:57  214  001.782  001.793  001.715  001.756  001.818  000.000
22:47:59  215  001.782  001.793  001.715  001.756  001.818  000.000
22:48:01  216  001.782  001.793  001.716  001.756  001.818  000.000
22:48:03  217  001.783  001.793  001.716  001.756  001.818  000.000
22:48:05  218  001.782  001.793  001.716  001.756  001.818  000.000
22:48:07  219  001.782  001.793  001.716  001.756  001.818  000.000
22:48:09  220  001.782  001.793  001.716  001.756  001.818  000.000
22:48:11  221  001.782  001.793  001.716  001.756  001.818  000.000
22:48:13  222  001.782  001.793  001.716  001.756  001.818  000.000
22:48:15  223  001.782  001.793  001.716  001.757  001.818  000.000
22:48:17  224  001.782  001.793  001.717  001.758  001.819  000.000
22:48:19  225  001.782  001.794  001.717  001.757  001.820  000.000
22:48:21  226  001.782  001.793  001.716  001.757  001.818  000.000
22:48:23  227  001.783  001.794  001.717  001.758  001.819  000.000
22:48:25  228  001.782  001.793  001.717  001.757  001.818  000.000
22:48:27  229  001.783  001.794  001.718  001.757  001.819  000.000
22:48:29  230  001.783  001.794  001.717  001.757  001.819  000.000
22:48:31  231  001.783  001.794  001.718  001.758  001.820  000.000
22:48:33  232  001.783  001.795  001.718  001.758  001.820  000.000
22:48:35  233  001.783  001.794  001.718  001.758  001.820  000.000
22:48:37  234  001.783  001.795  001.718  001.758  001.820  000.000
22:48:39  235  001.783  001.795  001.718  001.758  001.820  000.000
22:48:41  236  001.783  001.794  001.717  001.758  001.820  000.000
22:48:43  237  001.783  001.795  001.718  001.758  001.820  000.000
22:48:45  238  001.783  001.795  001.718  001.758  001.820  000.000
22:48:47  239  001.783  001.795  001.718  001.758  001.820  000.000
22:48:49  240  001.783  001.795  001.718  001.758  001.820  000.000
22:48:51  241  001.783  001.795  001.719  001.759  001.820  000.000
22:48:53  242  001.838  001.831  001.745  001.774  001.889  020.000
22:48:55  243  002.418  002.349  002.220  002.135  002.600  020.000
22:48:57  244  003.154  003.054  002.924  002.666  003.335  020.000
22:48:59  245  004.143  004.016  003.936  003.411  004.195  020.000
22:49:01  246  005.075  004.933  004.934  004.135  004.935  020.000
22:49:03  247  005.730  005.588  005.674  004.667  005.413  000.000
22:49:05  248  006.045  005.977  006.160  005.006  005.356  000.000
22:49:07  249  005.885  005.886  006.107  004.911  004.932  000.000
22:49:09  250  005.609  005.642  005.864  004.702  004.568  000.000
22:49:11  251  005.201  005.255  005.462  004.394  004.160  000.000
22:49:13  252  004.791  004.849  005.037  004.086  003.815  000.000
22:49:15  253  004.483  004.541  004.712  003.852  003.582  000.000
22:49:17  254  004.133  004.186  004.333  003.593  003.337  000.000
22:49:19  255  003.825  003.874  003.998  003.365  003.134  000.000
22:49:21  256  003.557  003.602  003.760  003.205  002.997  000.000
22:49:23  257  003.372  003.412  003.497  003.031  002.851  000.000
22:49:25  258  003.170  003.207  003.272  002.883  002.730  000.000
22:49:27  259  002.998  003.033  003.083  002.754  002.628  000.000
22:49:29  260  002.878  002.911  002.951  002.665  002.559  000.000
22:49:31  261  002.749  002.780  002.805  002.569  002.484  000.000
22:49:33  262  002.639  002.668  002.682  002.486  002.420  000.000
22:49:35  263  002.563  002.591  002.596  002.429  002.376  000.000
22:49:37  264  002.480  002.507  002.502  002.366  002.328  000.000
22:49:39  265  002.410  002.435  002.422  002.313  002.287  000.000
22:49:41  266  002.360  002.385  002.367  002.275  002.258  000.000
22:49:43  267  002.306  002.330  002.305  002.233  002.226  000.000
22:49:45  268  002.259  002.282  002.251  002.197  002.198  000.000
22:49:47  269  002.227  002.249  002.214  002.172  002.179  000.000
22:49:49  270  002.190  002.212  002.173  002.143  002.157  000.000
22:49:51  271  002.160  002.181  002.137  002.117  002.137  000.000
22:49:53  272  002.133  002.153  002.111  002.100  002.123  000.000
22:49:55  273  002.113  002.133  002.083  002.080  002.108  000.000
22:49:57  274  002.092  002.111  002.059  002.062  002.094  000.000
22:49:59  275  002.073  002.093  002.037  002.047  002.081  000.000
22:50:01  276  002.059  002.079  002.022  002.035  002.072  000.000
22:50:03  277  002.044  002.063  002.004  002.022  002.062  000.000
22:50:05  278  002.030  002.048  001.989  002.010  002.052  000.000
22:50:07  279  002.021  002.039  001.977  002.001  002.045  000.000
22:50:09  280  002.009  002.027  001.965  001.991  002.036  000.000
22:50:11  281  001.999  002.016  001.953  001.982  002.029  000.000
22:50:13  282  001.991  002.009  001.945  001.975  002.023  000.000
22:50:15  283  001.983  002.001  001.935  001.967  002.016  000.000
22:50:17  284  001.975  001.993  001.927  001.959  002.010  000.000
22:50:19  285  001.970  001.987  001.920  001.954  002.006  000.000
22:50:21  286  001.963  001.979  001.913  001.947  002.001  000.000
22:50:23  287  001.957  001.973  001.906  001.942  001.995  000.000
22:50:25  288  001.951  001.967  001.899  001.938  001.991  000.000
22:50:27  289  001.948  001.963  001.895  001.932  001.987  000.000
22:50:29  290  001.943  001.958  001.890  001.928  001.983  000.000
22:50:31  291  001.938  001.953  001.885  001.923  001.979  000.000
22:50:33  292  001.935  001.950  001.881  001.920  001.976  000.000
22:50:35  293  001.931  001.946  001.877  001.916  001.973  000.000
22:50:37  294  001.927  001.942  001.872  001.912  001.969  000.000
22:50:39  295  001.925  001.940  001.869  001.910  001.966  000.000
22:50:41  296  001.921  001.936  001.865  001.905  001.963  000.000
22:50:43  297  001.918  001.932  001.862  001.902  001.960  000.000
22:50:45  298  001.916  001.930  001.859  001.900  001.958  000.000
22:50:47  299  001.913  001.928  001.856  001.897  001.954  000.000
22:50:49  300  001.910  001.925  001.853  001.894  001.952  000.000
22:50:51  301  001.908  001.922  001.851  001.892  001.949  000.000
22:50:53  302  001.905  001.920  001.848  001.889  001.947  000.000
22:50:55  303  001.903  001.917  001.845  001.887  001.945  000.000
22:50:57  304  001.901  001.915  001.843  001.884  001.943  000.000
22:50:59  305  001.899  001.913  001.840  001.882  001.941  000.000
22:51:01  306  001.897  001.910  001.838  001.880  001.939  000.000
22:51:03  307  001.895  001.909  001.835  001.878  001.937  000.000
22:51:05  308  001.893  001.907  001.833  001.876  001.935  000.000
22:51:07  309  001.892  001.905  001.831  001.874  001.934  000.000
22:51:09  310  001.890  001.903  001.830  001.872  001.931  000.000
22:51:11  311  001.889  001.902  001.828  001.871  001.931  000.000
22:51:13  312  001.887  001.900  001.826  001.869  001.929  000.000
22:51:15  313  001.886  001.898  001.824  001.866  001.928  000.000
22:51:17  314  001.883  001.896  001.823  001.865  001.926  000.000
22:51:19  315  001.882  001.895  001.822  001.863  001.924  000.000
22:51:21  316  001.881  001.893  001.820  001.862  001.923  000.000
22:51:23  317  001.880  001.893  001.819  001.862  001.922  000.000
22:51:25  318  001.878  001.891  001.817  001.859  001.919  000.000
22:51:27  319  001.877  001.889  001.815  001.857  001.916  000.000
22:51:29  320  001.875  001.889  001.814  001.856  001.914  000.000
22:51:31  321  001.874  001.887  001.813  001.855  001.913  000.000
22:51:33  322  001.873  001.886  001.812  001.853  001.911  000.000
22:51:35  323  001.872  001.885  001.811  001.853  001.909  000.000
22:51:37  324  001.871  001.883  001.810  001.851  001.907  000.000
22:51:39  325  001.870  001.883  001.808  001.850  001.905  000.000
22:51:41  326  001.868  001.881  001.806  001.848  001.902  000.000
22:51:43  327  001.868  001.881  001.806  001.847  001.901  000.000
22:51:45  328  001.866  001.878  001.804  001.845  001.898  000.000
22:51:47  329  001.866  001.878  001.803  001.844  001.895  000.000
22:51:49  330  001.865  001.877  001.803  001.844  001.893  000.000
22:51:51  331  001.863  001.876  001.801  001.842  001.890  000.000
22:51:53  332  001.863  001.875  001.801  001.842  001.888  000.000
22:51:55  333  001.862  001.875  001.800  001.841  001.886  000.000
22:51:57  334  001.861  001.874  001.799  001.841  001.885  000.000
22:51:59  335  001.860  001.873  001.798  001.839  001.884  000.000
22:52:01  336  001.859  001.872  001.797  001.838  001.882  000.000
22:52:03  337  001.858  001.871  001.796  001.836  001.880  000.000
22:52:05  338  001.857  001.869  001.795  001.835  001.877  000.000
22:52:07  339  001.857  001.869  001.796  001.836  001.875  000.000
22:52:09  340  001.857  001.869  001.795  001.835  001.874  000.000
22:52:11  341  001.855  001.868  001.793  001.834  001.872  000.000
22:52:13  342  001.855  001.867  001.793  001.833  001.871  000.000
22:52:15  343  001.854  001.866  001.792  001.832  001.869  000.000
22:52:17  344  001.853  001.866  001.791  001.831  001.869  000.000
22:52:19  345  001.852  001.865  001.791  001.830  001.868  000.000
22:52:21  346  001.852  001.865  001.790  001.830  001.868  000.000
22:52:23  347  001.851  001.863  001.789  001.829  001.868  000.000
22:52:25  348  001.850  001.863  001.788  001.828  001.867  000.000
22:52:27  349  001.850  001.862  001.787  001.827  001.866  000.000
22:52:29  350  001.849  001.862  001.786  001.826  001.866  000.000
22:52:31  351  001.848  001.861  001.786  001.826  001.865  000.000
22:52:33  352  001.847  001.860  001.786  001.826  001.864  000.000
22:52:35  353  001.847  001.860  001.785  001.826  001.864  000.000
22:52:37  354  001.847  001.859  001.784  001.824  001.864  000.000
22:52:39  355  001.846  001.859  001.784  001.823  001.863  000.000
22:52:41  356  001.845  001.858  001.783  001.823  001.862  000.000
22:52:43  357  001.845  001.857  001.783  001.822  001.861  000.000
22:52:45  358  001.844  001.857  001.783  001.822  001.860  000.000
22:52:47  359  001.844  001.857  001.783  001.822  001.861  000.000
22:52:49  360  001.843  001.856  001.781  001.821  001.861  000.000
22:52:51  361  001.843  001.855  001.781  001.820  001.860  000.000
22:52:53  362  001.842  001.855  001.780  001.819  001.860  000.000
22:52:55  363  001.842  001.855  001.781  001.819  001.859  000.000
22:52:57  364  001.841  001.854  001.780  001.818  001.860  000.000
22:52:59  365  001.841  001.854  001.779  001.818  001.860  000.000
22:53:01  366  001.841  001.853  001.777  001.816  001.860  000.000
22:53:03  367  001.840  001.852  001.777  001.816  001.860  000.000
22:53:05  368  001.839  001.852  001.777  001.815  001.860  000.000
22:53:07  369  001.839  001.852  001.777  001.815  001.859  000.000
22:53:09  370  001.839  001.852  001.777  001.815  001.860  000.000
22:53:11  371  001.839  001.851  001.777  001.815  001.861  000.000
22:53:13  372  001.838  001.851  001.776  001.815  001.861  000.000
22:53:15  373  001.838  001.850  001.774  001.813  001.860  000.000
22:53:17  374  001.837  001.849  001.774  001.813  001.860  000.000
22:53:19  375  001.837  001.850  001.775  001.813  001.861  000.000
22:53:21  376  001.836  001.849  001.775  001.813  001.862  000.000
22:53:23  377  001.836  001.848  001.774  001.813  001.862  000.000
22:53:25  378  001.836  001.848  001.773  001.812  001.863  000.000
22:53:27  379  001.835  001.848  001.772  001.812  001.862  000.000
22:53:29  380  001.835  001.847  001.772  001.811  001.862  000.000
22:53:31  381  001.835  001.847  001.772  001.811  001.862  000.000
22:53:33  382  001.835  001.847  001.772  001.811  001.863  000.000
22:53:35  383  001.834  001.846  001.771  001.811  001.863  000.000
22:53:37  384  001.833  001.846  001.771  001.811  001.863  000.000
22:53:39  385  001.833  001.845  001.771  001.810  001.863  000.000
22:53:41  386  001.833  001.845  001.770  001.809  001.863  000.000
22:53:43  387  001.832  001.844  001.770  001.810  001.863  000.000
22:53:45  388  001.832  001.845  001.769  001.809  001.865  000.000
22:53:47  389  001.832  001.844  001.769  001.809  001.865  000.000
22:53:49  390  001.832  001.844  001.769  001.809  001.865  000.000
22:53:51  391  001.831  001.843  001.769  001.809  001.864  000.000
22:53:53  392  001.831  001.843  001.768  001.809  001.864  000.000
22:53:55  393  001.830  001.843  001.768  001.809  001.864  000.000
22:53:57  394  001.830  001.842  001.767  001.808  001.865  000.000
22:53:59  395  001.830  001.842  001.767  001.808  001.865  000.000
22:54:01  396  001.830  001.842  001.766  001.808  001.865  000.000
22:54:03  397  001.829  001.842  001.766  001.807  001.865  000.000
22:54:05  398  001.829  001.841  001.766  001.806  001.864  000.000
22:54:07  399  001.829  001.841  001.766  001.807  001.864  000.000
22:54:09  400  001.829  001.841  001.766  001.808  001.864  000.000
22:54:11  401  001.828  001.841  001.765  001.806  001.864  000.000
22:54:13  402  001.828  001.840  001.765  001.806  001.863  000.000
22:54:15  403  001.827  001.840  001.765  001.806  001.863  000.000
22:54:17  404  001.827  001.840  001.765  001.806  001.863  000.000
22:54:19  405  001.827  001.839  001.764  001.805  001.863  000.000
22:54:21  406  001.827  001.839  001.764  001.806  001.864  000.000
22:54:23  407  001.827  001.839  001.764  001.806  001.863  000.000
22:54:25  408  001.826  001.838  001.763  001.805  001.863  000.000
22:54:27  409  001.826  001.838  001.762  001.804  001.862  000.000
22:54:29  410  001.826  001.838  001.764  001.805  001.863  000.000
22:54:31  411  001.825  001.838  001.762  001.804  001.862  000.000
22:54:33  412  001.826  001.838  001.763  001.805  001.863  000.000
22:54:35  413  001.825  001.838  001.762  001.805  001.863  000.000
22:54:37  414  001.825  001.837  001.762  001.804  001.863  000.000
22:54:39  415  001.824  001.836  001.762  001.803  001.861  000.000
22:54:41  416  001.824  001.837  001.762  001.804  001.861  000.000
22:54:43  417  001.824  001.836  001.761  001.803  001.861  000.000
22:54:45  418  001.823  001.836  001.761  001.804  001.861  000.000
22:54:47  419  001.824  001.837  001.762  001.805  001.862  000.000
22:54:49  420  001.823  001.836  001.761  001.804  001.861  000.000
22:54:51  421  001.823  001.836  001.760  001.803  001.861  000.000
22:54:53  422  001.823  001.835  001.760  001.802  001.861  000.000
22:54:55  423  001.823  001.835  001.760  001.802  001.861  000.000
22:54:57  424  001.823  001.835  001.760  001.802  001.862  000.000
22:54:59  425  001.823  001.835  001.760  001.802  001.862  000.000
22:55:01  426  001.823  001.835  001.760  001.803  001.863  000.000
22:55:03  427  001.823  001.835  001.760  001.803  001.863  000.000
22:55:05  428  001.823  001.835  001.760  001.802  001.862  000.000
22:55:07  429  001.822  001.834  001.759  001.802  001.862  000.000
22:55:09  430  001.821  001.835  001.759  001.802  001.862  000.000
22:55:11  431  001.822  001.835  001.759  001.802  001.863  000.000
22:55:13  432  001.822  001.835  001.759  001.802  001.863  000.000
22:55:15  433  001.822  001.834  001.759  001.802  001.862  000.000
22:55:17  434  001.821  001.835  001.759  001.802  001.862  000.000
22:55:19  435  001.821  001.833  001.758  001.801  001.862  000.000
22:55:21  436  001.821  001.834  001.759  001.802  001.862  000.000
22:55:23  437  001.821  001.834  001.759  001.801  001.862  000.000
22:55:25  438  001.821  001.833  001.758  001.801  001.863  000.000
22:55:27  439  001.821  001.833  001.758  001.801  001.862  000.000
22:55:29  440  001.820  001.833  001.758  001.801  001.862  000.000
22:55:31  441  001.821  001.833  001.758  001.801  001.862  000.000
22:55:33  442  001.820  001.833  001.758  001.801  001.862  000.000
22:55:35  443  001.820  001.833  001.758  001.801  001.862  000.000
22:55:37  444  001.820  001.832  001.757  001.801  001.863  000.000
22:55:39  445  001.819  001.832  001.757  001.801  001.863  000.000
22:55:41  446  001.820  001.832  001.757  001.800  001.863  000.000
22:55:43  447  001.820  001.833  001.757  001.801  001.862  000.000
22:55:45  448  001.820  001.832  001.757  001.800  001.862  000.000
22:55:47  449  001.820  001.832  001.757  001.800  001.863  000.000
22:55:49  450  001.819  001.832  001.756  001.801  001.864  000.000
22:55:51  451  001.819  001.832  001.757  001.801  001.865  000.000
22:55:53  452  001.819  001.832  001.757  001.800  001.864  000.000
22:55:55  453  001.818  001.831  001.756  001.799  001.863  000.000
22:55:57  454  001.818  001.831  001.755  001.799  001.863  000.000
22:55:59  455  001.818  001.830  001.755  001.799  001.863  000.000
22:56:01  456  001.818  001.831  001.756  001.800  001.864  000.000
22:56:03  457  001.818  001.832  001.756  001.800  001.864  000.000
22:56:05  458  001.818  001.831  001.759  001.799  001.863  000.000
22:56:07  459  001.817  001.829  001.752  001.795  001.857  000.000
22:56:09  460  001.816  001.827  001.750  001.793  001.854  000.000
22:56:11  461  001.816  001.827  001.750  001.794  001.853  000.000
22:56:13  462  001.816  001.827  001.751  001.795  001.852  000.000
