start   of      data    file.
siteNameHF-751-05   Edited to create HF-05, shorten pen length, reindexed
Probe   serial  Number:        0

Date    Meas#   T1(B)   T2      T3      T4      T5(T)   H
-------------------------------------------------------------------
8:19:48 1 1.8210 1.8660 1.8840 1.8590 1.9070 0.0000
8:19:50 2 1.8270 1.8660 1.8840 1.8590 1.9070 0.0000
8:19:52 3 1.8330 1.8670 1.8840 1.8590 1.9080 0.0000
8:19:54 4 1.8370 1.8680 1.8840 1.8590 1.9080 0.0000
8:19:56 5 1.8400 1.8680 1.8850 1.8590 1.9070 0.0000
8:19:58 6 1.8430 1.8690 1.8850 1.8580 1.9070 0.0000
8:20:00 7 1.8440 1.8690 1.8850 1.8580 1.9070 0.0000
8:20:02 8 1.8450 1.8700 1.8850 1.8580 1.9070 0.0000
8:20:04 9 1.8460 1.8700 1.8850 1.8580 1.9070 0.0000
8:20:06 10 1.8460 1.8710 1.8850 1.8580 1.9060 0.0000
8:20:08 11 1.8460 1.8710 1.8850 1.8580 1.9060 0.0000
8:20:10 12 1.8460 1.8710 1.8850 1.8570 1.9060 0.0000
8:20:12 13 1.8460 1.8710 1.8850 1.8580 1.9060 0.0000
8:20:14 14 1.8460 1.8710 1.8850 1.8580 1.9070 0.0000
8:20:16 15 1.8450 1.8720 1.8850 1.8590 1.9070 0.0000
8:20:18 16 1.8440 1.8720 1.8850 1.8580 1.9070 0.0000
8:20:20 17 1.8440 1.8720 1.8850 1.8580 1.9070 0.0000
8:20:22 18 1.8440 1.8720 1.8850 1.8590 1.9070 0.0000
8:20:24 19 1.8440 1.8720 1.8850 1.8590 1.9070 0.0000
8:20:26 20 1.8430 1.8720 1.8850 1.8580 1.9060 0.0000
8:20:28 21 1.8430 1.8730 1.8850 1.8580 1.9050 0.0000
8:20:30 22 1.8470 1.8760 1.8920 1.8650 1.9070 0.0000
8:20:32 23 1.8630 1.8920 1.9100 1.8980 1.9670 0.0000
8:20:34 24 1.8840 1.9100 1.9330 1.9160 1.9820 0.0000
8:20:36 25 1.9090 1.9330 1.9570 1.9340 1.9890 0.0000
8:20:38 26 1.9290 1.9510 1.9750 1.9480 1.9920 0.0000
8:20:40 27 1.9400 1.9620 1.9850 1.9570 1.9920 0.0000
8:20:42 28 1.9490 1.9720 1.9920 1.9640 1.9920 0.0000
8:20:44 29 1.9550 1.9780 1.9960 1.9690 1.9910 0.0000
8:20:46 30 1.9560 1.9820 1.9980 1.9700 1.9910 0.0000
8:20:48 31 1.9570 1.9840 1.9980 1.9710 1.9890 0.0000
8:20:50 32 1.9550 1.9850 1.9970 1.9700 1.9870 0.0000
8:20:52 33 1.9540 1.9850 1.9960 1.9690 1.9860 0.0000
8:20:54 34 1.9510 1.9830 1.9940 1.9670 1.9840 0.0000
8:20:56 35 1.9480 1.9820 1.9920 1.9650 1.9820 0.0000
8:20:58 36 1.9450 1.9800 1.9890 1.9630 1.9800 0.0000
8:21:00 37 1.9420 1.9780 1.9870 1.9600 1.9790 0.0000
8:21:02 38 1.9390 1.9760 1.9850 1.9580 1.9770 0.0000
8:21:04 39 1.9360 1.9730 1.9820 1.9550 1.9760 0.0000
8:21:06 40 1.9330 1.9710 1.9800 1.9530 1.9740 0.0000
8:21:08 41 1.9300 1.9690 1.9770 1.9510 1.9730 0.0000
8:21:10 42 1.9270 1.9660 1.9750 1.9480 1.9710 0.0000
8:21:12 43 1.9240 1.9640 1.9730 1.9460 1.9700 0.0000
8:21:14 44 1.9220 1.9620 1.9710 1.9440 1.9690 0.0000
8:21:16 45 1.9190 1.9600 1.9690 1.9420 1.9670 0.0000
8:21:18 46 1.9170 1.9580 1.9670 1.9410 1.9660 0.0000
8:21:20 47 1.9140 1.9560 1.9650 1.9390 1.9650 0.0000
8:21:22 48 1.9120 1.9540 1.9630 1.9360 1.9640 0.0000
8:21:24 49 1.9100 1.9520 1.9620 1.9350 1.9630 0.0000
8:21:26 50 1.9080 1.9510 1.9600 1.9330 1.9610 0.0000
8:21:28 51 1.9060 1.9490 1.9580 1.9320 1.9610 0.0000
8:21:30 52 1.9050 1.9480 1.9570 1.9300 1.9600 0.0000
8:21:32 53 1.9030 1.9460 1.9560 1.9290 1.9590 0.0000
8:21:34 54 1.9010 1.9450 1.9540 1.9280 1.9580 0.0000
8:21:36 55 1.9000 1.9430 1.9530 1.9260 1.9570 0.0000
8:21:38 56 1.8980 1.9420 1.9520 1.9250 1.9560 0.0000
8:21:40 57 1.8970 1.9410 1.9510 1.9240 1.9550 0.0000
8:21:42 58 1.8960 1.9390 1.9500 1.9230 1.9550 0.0000
8:21:44 59 1.8950 1.9380 1.9490 1.9220 1.9540 0.0000
8:21:46 60 1.8940 1.9370 1.9480 1.9210 1.9530 0.0000
8:21:48 61 1.8920 1.9360 1.9460 1.9200 1.9520 0.0000
8:21:50 62 1.8910 1.9350 1.9460 1.9190 1.9520 0.0000
8:21:52 63 1.8900 1.9340 1.9450 1.9180 1.9510 0.0000
8:21:54 64 1.8890 1.9330 1.9440 1.9170 1.9510 0.0000
8:21:56 65 1.8880 1.9320 1.9430 1.9160 1.9500 0.0000
8:21:58 66 1.8870 1.9320 1.9420 1.9160 1.9490 0.0000
8:22:00 67 1.8870 1.9300 1.9420 1.9150 1.9490 0.0000
8:22:02 68 1.8860 1.9300 1.9410 1.9140 1.9480 0.0000
8:22:04 69 1.8850 1.9290 1.9410 1.9130 1.9480 0.0000
8:22:06 70 1.8840 1.9280 1.9390 1.9130 1.9470 0.0000
8:22:08 71 1.8830 1.9270 1.9390 1.9120 1.9460 0.0000
8:22:10 72 1.8820 1.9270 1.9380 1.9110 1.9460 0.0000
8:22:12 73 1.8820 1.9260 1.9380 1.9100 1.9460 0.0000
8:22:14 74 1.8810 1.9250 1.9370 1.9100 1.9450 0.0000
8:22:16 75 1.8810 1.9250 1.9360 1.9100 1.9450 0.0000
8:22:18 76 1.8800 1.9240 1.9360 1.9080 1.9450 0.0000
8:22:20 77 1.8790 1.9240 1.9350 1.9080 1.9440 0.0000
8:22:22 78 1.8780 1.9230 1.9350 1.9080 1.9440 0.0000
8:22:24 79 1.8780 1.9230 1.9350 1.9070 1.9440 0.0000
8:22:26 80 1.8780 1.9220 1.9340 1.9070 1.9430 0.0000
8:22:28 81 1.8770 1.9220 1.9330 1.9060 1.9430 0.0000
8:22:30 82 1.8760 1.9210 1.9330 1.9050 1.9420 0.0000
8:22:32 83 1.8760 1.9200 1.9330 1.9050 1.9420 0.0000
8:22:34 84 1.8760 1.9200 1.9320 1.9040 1.9420 0.0000
8:22:36 85 1.8750 1.9200 1.9320 1.9040 1.9410 0.0000
8:22:38 86 1.8750 1.9190 1.9310 1.9040 1.9410 0.0000
8:22:40 87 1.8750 1.9190 1.9310 1.9030 1.9410 0.0000
8:22:42 88 1.8730 1.9190 1.9300 1.9030 1.9410 0.0000
8:22:44 89 1.8730 1.9180 1.9300 1.9030 1.9410 0.0000
8:22:46 90 1.8730 1.9170 1.9300 1.9020 1.9400 0.0000
8:22:48 91 1.8720 1.9170 1.9290 1.9010 1.9400 0.0000
8:22:50 92 1.8720 1.9170 1.9290 1.9010 1.9390 0.0000
8:22:52 93 1.8720 1.9160 1.9290 1.9010 1.9390 0.0000
8:22:54 94 1.8710 1.9160 1.9280 1.9000 1.9390 0.0000
8:22:56 95 1.8710 1.9160 1.9280 1.9000 1.9380 0.0000
8:22:58 96 1.8710 1.9160 1.9270 1.9000 1.9380 0.0000
8:23:00 97 1.8710 1.9150 1.9270 1.9000 1.9380 0.0000
8:23:02 98 1.8700 1.9140 1.9270 1.8990 1.9380 0.0000
8:23:04 99 1.8690 1.9140 1.9270 1.8990 1.9380 0.0000
8:23:06 100 1.8690 1.9140 1.9260 1.8980 1.9370 0.0000
8:23:08 101 1.8690 1.9140 1.9260 1.8980 1.9370 0.0000
8:23:10 102 1.8690 1.9130 1.9260 1.8980 1.9370 0.0000
8:23:12 103 1.8680 1.9130 1.9260 1.8980 1.9370 0.0000
8:23:14 104 1.8680 1.9130 1.9250 1.8970 1.9360 0.0000
8:23:16 105 1.8680 1.9130 1.9250 1.8970 1.9360 0.0000
8:23:18 106 1.8680 1.9120 1.9240 1.8970 1.9360 0.0000
8:23:20 107 1.8660 1.9120 1.9240 1.8970 1.9360 0.0000
8:23:22 108 1.8670 1.9120 1.9240 1.8960 1.9360 0.0000
8:23:24 109 1.8660 1.9110 1.9240 1.8960 1.9350 0.0000
8:23:26 110 1.8660 1.9120 1.9230 1.8950 1.9350 0.0000
8:23:28 111 1.8660 1.9110 1.9230 1.8950 1.9350 0.0000
8:23:30 112 1.8660 1.9110 1.9230 1.8950 1.9350 0.0000
8:23:32 113 1.8660 1.9100 1.9230 1.8950 1.9350 0.0000
8:23:34 114 1.8650 1.9100 1.9230 1.8950 1.9340 0.0000
8:23:36 115 1.8650 1.9100 1.9230 1.8940 1.9340 0.0000
8:23:38 116 1.8650 1.9100 1.9220 1.8940 1.9340 0.0000
8:23:40 117 1.8650 1.9100 1.9220 1.8940 1.9340 0.0000
8:23:42 118 1.8650 1.9100 1.9220 1.8940 1.9330 0.0000
8:23:44 119 1.8640 1.9090 1.9220 1.8940 1.9330 0.0000
8:23:46 120 1.8640 1.9090 1.9220 1.8930 1.9330 0.0000
8:23:48 121 1.8640 1.9080 1.9220 1.8930 1.9330 0.0000
8:23:50 122 1.8630 1.9080 1.9210 1.8930 1.9330 0.0000
8:23:52 123 1.8630 1.9080 1.9200 1.8920 1.9330 0.0000
8:23:54 124 1.8630 1.9080 1.9210 1.8920 1.9330 0.0000
8:23:56 125 1.8630 1.9080 1.9200 1.8920 1.9330 0.0000
8:23:58 126 1.8630 1.9080 1.9200 1.8920 1.9320 0.0000
8:24:00 127 1.8630 1.9070 1.9200 1.8920 1.9320 0.0000
8:24:02 128 1.8620 1.9070 1.9200 1.8920 1.9320 0.0000
8:24:04 129 1.8620 1.9070 1.9200 1.8910 1.9320 0.0000
8:24:06 130 1.8620 1.9070 1.9200 1.8910 1.9320 0.0000
8:24:08 131 1.8620 1.9070 1.9190 1.8910 1.9320 0.0000
8:24:10 132 1.8620 1.9070 1.9190 1.8910 1.9320 0.0000
8:24:12 133 1.8620 1.9070 1.9190 1.8910 1.9320 0.0000
8:24:14 134 1.8620 1.9070 1.9190 1.8910 1.9320 0.0000
8:24:16 135 1.8610 1.9060 1.9190 1.8910 1.9310 0.0000
8:24:18 136 1.8600 1.9060 1.9190 1.8900 1.9310 0.0000
8:24:20 137 1.8610 1.9060 1.9190 1.8900 1.9310 0.0000
8:24:22 138 1.8610 1.9050 1.9190 1.8900 1.9310 0.0000
8:24:24 139 1.8600 1.9050 1.9180 1.8890 1.9310 0.0000
8:24:26 140 1.8600 1.9050 1.9180 1.8890 1.9300 0.0000
8:24:28 141 1.8600 1.9050 1.9180 1.8890 1.9300 0.0000
8:24:30 142 1.8600 1.9050 1.9180 1.8890 1.9300 0.0000
8:24:32 143 1.8600 1.9050 1.9170 1.8890 1.9300 0.0000
8:24:34 144 1.8600 1.9050 1.9170 1.8890 1.9300 0.0000
8:24:36 145 1.8600 1.9040 1.9170 1.8890 1.9300 0.0000
8:24:38 146 1.8600 1.9040 1.9170 1.8890 1.9300 0.0000
8:24:40 147 1.8590 1.9040 1.9170 1.8890 1.9300 0.0000
8:24:42 148 1.8590 1.9040 1.9170 1.8880 1.9300 0.0000
8:24:44 149 1.8590 1.9040 1.9170 1.8880 1.9300 0.0000
8:24:46 150 1.8590 1.9040 1.9170 1.8880 1.9290 0.0000
8:24:48 151 1.8590 1.9040 1.9170 1.8880 1.9290 0.0000
8:24:50 152 1.8580 1.9040 1.9160 1.8880 1.9290 0.0000
8:24:52 153 1.8590 1.9040 1.9170 1.8880 1.9290 0.0000
8:24:54 154 1.8590 1.9040 1.9160 1.8880 1.9290 0.0000
8:24:56 155 1.8590 1.9030 1.9160 1.8880 1.9290 0.0000
8:24:58 156 1.8580 1.9030 1.9160 1.8880 1.9290 0.0000
8:25:00 157 1.8580 1.9030 1.9160 1.8870 1.9290 0.0000
8:25:02 158 1.8580 1.9030 1.9160 1.8870 1.9290 0.0000
8:25:04 159 1.8580 1.9030 1.9160 1.8870 1.9290 0.0000
8:25:06 160 1.8570 1.9030 1.9160 1.8870 1.9290 0.0000
8:25:08 161 1.8570 1.9030 1.9160 1.8870 1.9290 0.0000
8:25:10 162 1.8570 1.9030 1.9160 1.8870 1.9280 0.0000
8:25:12 163 1.8570 1.9030 1.9160 1.8870 1.9280 0.0000
8:25:14 164 1.8570 1.9030 1.9150 1.8870 1.9280 0.0000
8:25:16 165 1.8560 1.9020 1.9150 1.8870 1.9280 0.0000
8:25:18 166 1.8570 1.9030 1.9150 1.8870 1.9280 0.0000
8:25:20 167 1.8570 1.9020 1.9150 1.8860 1.9280 0.0000
8:25:22 168 1.8570 1.9020 1.9150 1.8860 1.9280 0.0000
8:25:24 169 1.8570 1.9020 1.9150 1.8860 1.9280 0.0000
8:25:26 170 1.8570 1.9010 1.9140 1.8860 1.9270 0.0000
8:25:28 171 1.8570 1.9020 1.9140 1.8850 1.9270 0.0000
8:25:30 172 1.8560 1.9010 1.9140 1.8850 1.9270 0.0000
8:25:32 173 1.8560 1.9010 1.9140 1.8850 1.9270 0.0000
8:25:34 174 1.8570 1.9010 1.9140 1.8850 1.9270 0.0000
8:25:36 175 1.8560 1.9010 1.9140 1.8850 1.9270 0.0000
8:25:38 176 1.8560 1.9010 1.9140 1.8850 1.9270 0.0000
8:25:40 177 1.8560 1.9010 1.9140 1.8850 1.9270 0.0000
8:25:42 178 1.8560 1.9010 1.9140 1.8850 1.9270 0.0000
8:25:44 179 1.8560 1.9010 1.9140 1.8850 1.9270 0.0000
8:25:46 180 1.8560 1.9010 1.9140 1.8850 1.9270 0.0000
8:25:48 181 1.8550 1.9010 1.9130 1.8850 1.9270 0.0000
8:25:50 182 1.8560 1.9010 1.9130 1.8850 1.9270 0.0000
8:25:52 183 1.8560 1.9010 1.9130 1.8850 1.9270 0.0000
8:25:54 184 1.8560 1.9000 1.9130 1.8850 1.9270 0.0000
8:25:56 185 1.8550 1.9000 1.9130 1.8840 1.9270 0.0000
8:25:58 186 1.8550 1.9000 1.9130 1.8840 1.9260 0.0000
8:26:00 187 1.8550 1.9000 1.9130 1.8840 1.9260 0.0000
8:26:02 188 1.8550 1.9000 1.9130 1.8840 1.9260 0.0000
8:26:04 189 1.8550 1.9000 1.9120 1.8840 1.9260 0.0000
8:26:06 190 1.8550 1.9000 1.9130 1.8840 1.9260 0.0000
8:26:08 191 1.8550 1.9000 1.9130 1.8840 1.9260 0.0000
8:26:10 192 1.8550 1.9000 1.9130 1.8840 1.9260 0.0000
8:26:12 193 1.8550 1.9000 1.9130 1.8840 1.9260 0.0000
8:26:14 194 1.8550 1.9000 1.9130 1.8840 1.9260 0.0000
8:26:16 195 1.8550 1.9000 1.9130 1.8840 1.9260 0.0000
8:26:18 196 1.8550 1.9000 1.9130 1.8840 1.9260 0.0000
8:26:20 197 1.8550 1.9000 1.9130 1.8840 1.9260 0.0000
8:26:22 198 1.8550 1.8990 1.9120 1.8830 1.9260 0.0000
8:26:24 199 1.8550 1.8990 1.9120 1.8840 1.9260 0.0000
8:26:26 200 1.8550 1.9000 1.9120 1.8830 1.9260 0.0000
8:26:28 201 1.8540 1.8990 1.9120 1.8830 1.9260 0.0000
8:26:30 202 1.8540 1.8990 1.9120 1.8830 1.9260 0.0000
8:26:32 203 1.8540 1.8990 1.9120 1.8830 1.9260 0.0000
8:26:34 204 1.8540 1.8990 1.9120 1.8830 1.9250 0.0000
8:26:36 205 1.8540 1.8990 1.9120 1.8830 1.9260 0.0000
8:26:38 206 1.8540 1.8990 1.9120 1.8820 1.9260 0.0000
8:26:40 207 1.8540 1.8990 1.9120 1.8830 1.9250 0.0000
8:26:42 208 1.8540 1.8980 1.9110 1.8820 1.9250 0.0000
8:26:44 209 1.8530 1.8990 1.9110 1.8820 1.9250 0.0000
8:26:46 210 1.8530 1.8980 1.9110 1.8820 1.9250 0.0000
8:26:48 211 1.8530 1.8980 1.9110 1.8820 1.9250 0.0000
8:26:50 212 1.8530 1.8980 1.9110 1.8820 1.9250 0.0000
8:26:52 213 1.8530 1.8980 1.9110 1.8820 1.9250 0.0000
8:26:54 214 1.8530 1.8980 1.9110 1.8820 1.9250 0.0000
8:26:56 215 1.8530 1.8980 1.9110 1.8820 1.9250 0.0000
8:26:58 216 1.8530 1.8980 1.9110 1.8820 1.9240 0.0000
8:27:00 217 1.8530 1.8980 1.9110 1.8820 1.9240 0.0000
8:27:02 218 1.8530 1.8980 1.9110 1.8820 1.9240 0.0000
8:27:04 219 1.8520 1.8970 1.9100 1.8810 1.9250 0.0000
8:27:06 220 1.8530 1.8980 1.9110 1.8820 1.9240 0.0000
8:27:08 221 1.9790 2.2460 2.0380 1.9950 2.1820 9.9400
8:27:10 222 2.2420 2.6990 2.2520 2.2430 2.5520 9.9400
8:27:12 223 2.5590 3.1480 2.4940 2.5420 2.9060 9.9400
8:27:14 224 2.8130 3.4740 2.6850 2.7800 3.1540 9.9400
8:27:16 225 3.1110 3.8330 2.9050 3.0540 3.4210 9.9400
8:27:18 226 3.3800 4.1410 3.1050 3.2970 3.6470 9.9400
8:27:20 227 3.5730 4.3570 3.2500 3.4690 3.8040 9.9400
8:27:22 228 3.7870 4.5920 3.4110 3.6580 3.9760 9.9400
8:27:24 229 3.9760 4.7950 3.5550 3.8230 4.1260 9.9400
8:27:26 230 4.1400 4.9700 3.6820 3.9390 4.2320 9.9400
8:27:28 231 4.2580 5.0950 3.7730 4.0680 4.3500 9.9400
8:27:30 232 4.3900 5.2340 3.8760 4.1810 4.4550 9.9400
8:27:32 233 4.5070 5.3560 3.9690 4.2820 4.5500 9.9400
8:27:34 234 4.5910 5.4420 4.0360 4.3530 4.6170 0.0000
8:27:36 235 4.6310 5.3530 4.0490 4.3850 4.5630 0.0000
8:27:38 236 4.5060 5.0230 3.9350 4.2600 4.2920 0.0000
8:27:40 237 4.3320 4.7220 3.7990 4.0880 4.0480 0.0000
8:27:42 238 4.0850 4.3650 3.6160 3.8490 3.7710 0.0000
8:27:44 239 3.8400 4.0490 3.4390 3.6210 3.5390 0.0000
8:27:46 240 3.6590 3.8310 3.3100 3.4570 3.3830 0.0000
8:27:48 241 3.4570 3.5960 3.1660 3.2770 3.2180 0.0000
8:27:50 242 3.2810 3.3970 3.0400 3.1230 3.0810 0.0000
8:27:52 243 3.1290 3.2600 2.9510 3.0160 2.9870 0.0000
8:27:54 244 3.0250 3.1130 2.8540 2.9020 2.8860 0.0000
8:27:56 245 2.9100 2.9890 2.7700 2.8050 2.8010 0.0000
8:27:58 246 2.8110 2.8830 2.6980 2.7220 2.7280 0.0000
8:28:00 247 2.7420 2.8100 2.6470 2.6640 2.6770 0.0000
8:28:02 248 2.6670 2.7300 2.5910 2.6010 2.6210 0.0000
8:28:04 249 2.6020 2.6610 2.5430 2.5460 2.5720 0.0000
8:28:06 250 2.5560 2.6130 2.5080 2.5080 2.5380 0.0000
8:28:08 251 2.5060 2.5610 2.4700 2.4660 2.5000 0.0000
8:28:10 252 2.4620 2.5140 2.4370 2.4290 2.4670 0.0000
8:28:12 253 2.4310 2.4820 2.4130 2.4030 2.4430 0.0000
8:28:14 254 2.3960 2.4460 2.3860 2.3740 2.4150 0.0000
8:28:16 255 2.3650 2.4150 2.3620 2.3480 2.3920 0.0000
8:28:18 256 2.3430 2.3920 2.3450 2.3290 2.3740 0.0000
8:28:20 257 2.3190 2.3660 2.3250 2.3080 2.3540 0.0000
8:28:22 258 2.2960 2.3430 2.3080 2.2890 2.3360 0.0000
8:28:24 259 2.2750 2.3230 2.2920 2.2750 2.3230 0.0000
8:28:26 260 2.2620 2.3080 2.2800 2.2600 2.3080 0.0000
8:28:28 261 2.2450 2.2910 2.2660 2.2450 2.2940 0.0000
8:28:30 262 2.2290 2.2760 2.2540 2.2320 2.2820 0.0000
8:28:32 263 2.2180 2.2650 2.2450 2.2220 2.2720 0.0000
8:28:34 264 2.2050 2.2510 2.2340 2.2110 2.2610 0.0000
8:28:36 265 2.1930 2.2400 2.2240 2.2010 2.2510 0.0000
8:28:38 266 2.1840 2.2310 2.2170 2.1930 2.2430 0.0000
8:28:40 267 2.1740 2.2200 2.2080 2.1840 2.2340 0.0000
8:28:42 268 2.1650 2.2110 2.2010 2.1750 2.2250 0.0000
8:28:44 269 2.1570 2.2040 2.1940 2.1690 2.2190 0.0000
8:28:46 270 2.1490 2.1950 2.1870 2.1610 2.2110 0.0000
8:28:48 271 2.1410 2.1870 2.1800 2.1540 2.2050 0.0000
8:28:50 272 2.1330 2.1810 2.1750 2.1490 2.1990 0.0000
8:28:52 273 2.1280 2.1740 2.1690 2.1420 2.1930 0.0000
8:28:54 274 2.1210 2.1670 2.1630 2.1360 2.1870 0.0000
8:28:56 275 2.1150 2.1610 2.1570 2.1300 2.1810 0.0000
8:28:58 276 2.1100 2.1560 2.1530 2.1260 2.1760 0.0000
8:29:00 277 2.1040 2.1510 2.1480 2.1200 2.1710 0.0000
8:29:02 278 2.0990 2.1450 2.1430 2.1160 2.1660 0.0000
8:29:04 279 2.0950 2.1400 2.1390 2.1120 2.1630 0.0000
8:29:06 280 2.0900 2.1350 2.1350 2.1070 2.1580 0.0000
8:29:08 281 2.0850 2.1310 2.1310 2.1030 2.1540 0.0000
8:29:10 282 2.0810 2.1270 2.1270 2.0990 2.1500 0.0000
8:29:12 283 2.0770 2.1230 2.1230 2.0950 2.1460 0.0000
8:29:14 284 2.0730 2.1190 2.1200 2.0920 2.1420 0.0000
8:29:16 285 2.0690 2.1160 2.1170 2.0890 2.1380 0.0000
8:29:18 286 2.0660 2.1110 2.1130 2.0850 2.1350 0.0000
8:29:20 287 2.0620 2.1080 2.1100 2.0810 2.1310 0.0000
8:29:22 288 2.0570 2.1040 2.1070 2.0780 2.1290 0.0000
8:29:24 289 2.0560 2.1010 2.1040 2.0750 2.1250 0.0000
8:29:26 290 2.0520 2.0980 2.1010 2.0720 2.1220 0.0000
8:29:28 291 2.0490 2.0950 2.0980 2.0690 2.1190 0.0000
8:29:30 292 2.0460 2.0920 2.0950 2.0670 2.1160 0.0000
8:29:32 293 2.0430 2.0890 2.0930 2.0640 2.1140 0.0000
8:29:34 294 2.0400 2.0860 2.0900 2.0610 2.1110 0.0000
8:29:36 295 2.0380 2.0830 2.0870 2.0590 2.1080 0.0000
8:29:38 296 2.0350 2.0810 2.0850 2.0560 2.1060 0.0000
8:29:40 297 2.0320 2.0780 2.0830 2.0540 2.1040 0.0000
8:29:42 298 2.0310 2.0760 2.0810 2.0520 2.1010 0.0000
8:29:44 299 2.0280 2.0740 2.0780 2.0490 2.0990 0.0000
8:29:46 300 2.0250 2.0710 2.0760 2.0470 2.0960 0.0000
8:29:48 301 2.0220 2.0690 2.0740 2.0460 2.0950 0.0000
8:29:50 302 2.0210 2.0660 2.0720 2.0430 2.0920 0.0000
8:29:52 303 2.0190 2.0650 2.0700 2.0410 2.0900 0.0000
8:29:54 304 2.0160 2.0620 2.0680 2.0390 2.0880 0.0000
8:29:56 305 2.0140 2.0600 2.0660 2.0370 2.0860 0.0000
8:29:58 306 2.0130 2.0580 2.0650 2.0350 2.0840 0.0000
8:30:00 307 2.0110 2.0560 2.0620 2.0330 2.0820 0.0000
8:30:02 308 2.0090 2.0550 2.0610 2.0320 2.0800 0.0000
8:30:04 309 2.0070 2.0530 2.0590 2.0300 2.0780 0.0000
8:30:06 310 2.0050 2.0500 2.0570 2.0280 2.0770 0.0000
8:30:08 311 2.0040 2.0490 2.0560 2.0260 2.0750 0.0000
8:30:10 312 2.0020 2.0470 2.0550 2.0250 2.0740 0.0000
8:30:12 313 2.0000 2.0460 2.0520 2.0230 2.0720 0.0000
8:30:14 314 1.9980 2.0440 2.0510 2.0220 2.0710 0.0000
8:30:16 315 1.9970 2.0430 2.0500 2.0200 2.0690 0.0000
8:30:18 316 1.9950 2.0410 2.0480 2.0190 2.0670 0.0000
8:30:20 317 1.9930 2.0390 2.0470 2.0170 2.0660 0.0000
8:30:22 318 1.9920 2.0380 2.0460 2.0160 2.0640 0.0000
8:30:24 319 1.9910 2.0360 2.0440 2.0140 2.0630 0.0000
8:30:26 320 1.9890 2.0350 2.0430 2.0130 2.0610 0.0000
8:30:28 321 1.9880 2.0330 2.0410 2.0120 2.0590 0.0000
8:30:30 322 1.9860 2.0320 2.0400 2.0100 2.0590 0.0000
8:30:32 323 1.9850 2.0310 2.0380 2.0090 2.0570 0.0000
8:30:34 324 1.9840 2.0290 2.0370 2.0080 2.0560 0.0000
8:30:36 325 1.9820 2.0280 2.0360 2.0060 2.0550 0.0000
8:30:38 326 1.9810 2.0260 2.0350 2.0050 2.0530 0.0000
8:30:40 327 1.9800 2.0250 2.0340 2.0040 2.0520 0.0000
8:30:42 328 1.9790 2.0240 2.0320 2.0030 2.0510 0.0000
8:30:44 329 1.9770 2.0230 2.0310 2.0020 2.0500 0.0000
8:30:46 330 1.9760 2.0220 2.0300 2.0010 2.0490 0.0000
8:30:48 331 1.9750 2.0200 2.0290 2.0000 2.0470 0.0000
8:30:50 332 1.9740 2.0190 2.0280 1.9980 2.0470 0.0000
8:30:52 333 1.9730 2.0180 2.0260 1.9970 2.0450 0.0000
8:30:54 334 1.9720 2.0170 2.0260 1.9960 2.0440 0.0000
8:30:56 335 1.9700 2.0160 2.0250 1.9950 2.0430 0.0000
8:30:58 336 1.9690 2.0150 2.0240 1.9940 2.0410 0.0000
8:31:00 337 1.9690 2.0140 2.0230 1.9930 2.0410 0.0000
8:31:02 338 1.9670 2.0130 2.0220 1.9920 2.0400 0.0000
8:31:04 339 1.9670 2.0110 2.0210 1.9910 2.0390 0.0000
8:31:06 340 1.9660 2.0110 2.0200 1.9910 2.0380 0.0000
8:31:08 341 1.9640 2.0100 2.0190 1.9890 2.0370 0.0000
8:31:10 342 1.9640 2.0090 2.0180 1.9890 2.0360 0.0000
8:31:12 343 1.9630 2.0080 2.0170 1.9880 2.0350 0.0000
8:31:14 344 1.9620 2.0070 2.0160 1.9860 2.0340 0.0000
8:31:16 345 1.9610 2.0060 2.0160 1.9860 2.0340 0.0000
8:31:18 346 1.9590 2.0050 2.0140 1.9850 2.0320 0.0000
8:31:20 347 1.9590 2.0040 2.0140 1.9840 2.0320 0.0000
8:31:22 348 1.9580 2.0040 2.0130 1.9830 2.0310 0.0000
8:31:24 349 1.9570 2.0030 2.0120 1.9820 2.0300 0.0000
8:31:26 350 1.9570 2.0020 2.0110 1.9820 2.0290 0.0000
8:31:28 351 1.9550 2.0010 2.0110 1.9810 2.0280 0.0000
8:31:30 352 1.9550 2.0000 2.0100 1.9800 2.0280 0.0000
8:31:32 353 1.9540 2.0000 2.0090 1.9790 2.0260 0.0000
8:31:34 354 1.9530 1.9980 2.0080 1.9790 2.0260 0.0000
8:31:36 355 1.9520 1.9980 2.0080 1.9770 2.0250 0.0000
8:31:38 356 1.9520 1.9970 2.0070 1.9770 2.0250 0.0000
8:31:40 357 1.9510 1.9960 2.0060 1.9760 2.0230 0.0000
8:31:42 358 1.9500 1.9950 2.0050 1.9760 2.0230 0.0000
8:31:44 359 1.9490 1.9950 2.0050 1.9750 2.0220 0.0000
8:31:46 360 1.9490 1.9940 2.0040 1.9740 2.0220 0.0000
8:31:48 361 1.9480 1.9930 2.0040 1.9730 2.0200 0.0000
8:31:50 362 1.9470 1.9920 2.0020 1.9730 2.0200 0.0000
8:31:52 363 1.9460 1.9920 2.0020 1.9720 2.0190 0.0000
8:31:54 364 1.9460 1.9910 2.0010 1.9720 2.0190 0.0000
8:31:56 365 1.9450 1.9910 2.0010 1.9710 2.0180 0.0000
8:31:58 366 1.9450 1.9900 2.0000 1.9700 2.0170 0.0000
8:32:00 367 1.9440 1.9890 2.0000 1.9700 2.0170 0.0000
8:32:02 368 1.9430 1.9880 1.9980 1.9690 2.0160 0.0000
8:32:04 369 1.9430 1.9880 1.9980 1.9690 2.0150 0.0000
8:32:06 370 1.9420 1.9870 1.9980 1.9680 2.0150 0.0000
8:32:08 371 1.9410 1.9860 1.9970 1.9670 2.0140 0.0000
8:32:10 372 1.9410 1.9860 1.9970 1.9670 2.0140 0.0000
8:32:12 373 1.9410 1.9850 1.9960 1.9660 2.0130 0.0000
8:32:14 374 1.9390 1.9840 1.9950 1.9650 2.0120 0.0000
8:32:16 375 1.9390 1.9840 1.9950 1.9650 2.0120 0.0000
8:32:18 376 1.9390 1.9830 1.9940 1.9640 2.0110 0.0000
8:32:20 377 1.9380 1.9830 1.9940 1.9640 2.0100 0.0000
8:32:22 378 1.9380 1.9820 1.9930 1.9630 2.0100 0.0000
8:32:24 379 1.9370 1.9820 1.9920 1.9630 2.0090 0.0000
8:32:26 380 1.9360 1.9810 1.9920 1.9620 2.0090 0.0000
8:32:28 381 1.9360 1.9810 1.9910 1.9610 2.0080 0.0000
8:32:30 382 1.9350 1.9800 1.9910 1.9600 2.0070 0.0000
8:32:32 383 1.9350 1.9800 1.9910 1.9600 2.0070 0.0000
8:32:34 384 1.9340 1.9790 1.9890 1.9590 2.0060 0.0000
8:32:36 385 1.9330 1.9790 1.9890 1.9600 2.0060 0.0000
8:32:38 386 1.9330 1.9780 1.9890 1.9590 2.0060 0.0000
8:32:40 387 1.9320 1.9770 1.9880 1.9580 2.0050 0.0000
8:32:42 388 1.9320 1.9770 1.9880 1.9580 2.0050 0.0000
8:32:44 389 1.9320 1.9770 1.9880 1.9570 2.0040 0.0000
8:32:46 390 1.9310 1.9760 1.9870 1.9570 2.0040 0.0000
8:32:48 391 1.9300 1.9750 1.9850 1.9560 2.0030 0.0000
8:32:50 392 1.9300 1.9750 1.9860 1.9560 2.0030 0.0000
8:32:52 393 1.9290 1.9740 1.9860 1.9550 2.0020 0.0000
8:32:54 394 1.9290 1.9740 1.9850 1.9550 2.0020 0.0000
8:32:56 395 1.9290 1.9740 1.9850 1.9550 2.0010 0.0000
8:32:58 396 1.9280 1.9730 1.9850 1.9540 2.0010 0.0000
8:33:00 397 1.9270 1.9720 1.9840 1.9540 2.0000 0.0000
8:33:02 398 1.9270 1.9720 1.9830 1.9530 2.0000 0.0000
8:33:04 399 1.9270 1.9720 1.9830 1.9520 2.0000 0.0000
8:33:06 400 1.9260 1.9710 1.9820 1.9520 1.9990 0.0000
8:33:08 401 1.9260 1.9710 1.9820 1.9520 1.9990 0.0000
8:33:10 402 1.9260 1.9700 1.9820 1.9520 1.9980 0.0000
8:33:12 403 1.9250 1.9700 1.9810 1.9510 1.9980 0.0000
8:33:14 404 1.9240 1.9700 1.9810 1.9510 1.9980 0.0000
8:33:16 405 1.9240 1.9690 1.9800 1.9510 1.9970 0.0000
8:33:18 406 1.9240 1.9690 1.9800 1.9500 1.9970 0.0000
8:33:20 407 1.9230 1.9690 1.9800 1.9490 1.9960 0.0000
8:33:22 408 1.9230 1.9680 1.9790 1.9490 1.9960 0.0000
8:33:24 409 1.9230 1.9670 1.9790 1.9490 1.9950 0.0000
8:33:26 410 1.9220 1.9670 1.9780 1.9480 1.9950 0.0000
8:33:28 411 1.9220 1.9670 1.9780 1.9480 1.9950 0.0000
8:33:30 412 1.9210 1.9660 1.9770 1.9470 1.9940 0.0000
8:33:32 413 1.9210 1.9660 1.9770 1.9470 1.9940 0.0000
8:33:34 414 1.9210 1.9660 1.9770 1.9470 1.9940 0.0000
8:33:36 415 1.9200 1.9650 1.9770 1.9460 1.9930 0.0000
8:33:38 416 1.9190 1.9640 1.9760 1.9450 1.9920 0.0000
8:33:40 417 1.9190 1.9640 1.9750 1.9450 1.9920 0.0000
8:33:42 418 1.9190 1.9640 1.9760 1.9460 1.9920 0.0000
8:33:44 419 1.9190 1.9640 1.9750 1.9450 1.9910 0.0000
8:33:46 420 1.9180 1.9630 1.9740 1.9450 1.9910 0.0000
8:33:48 421 1.9180 1.9630 1.9740 1.9450 1.9910 0.0000
8:33:50 422 1.9170 1.9630 1.9740 1.9440 1.9910 0.0000
8:33:52 423 1.9170 1.9620 1.9740 1.9440 1.9900 0.0000
8:33:54 424 1.9170 1.9620 1.9730 1.9440 1.9900 0.0000
8:33:56 425 1.9170 1.9610 1.9730 1.9430 1.9890 0.0000
8:33:58 426 1.9160 1.9610 1.9730 1.9430 1.9890 0.0000
8:34:00 427 1.9160 1.9610 1.9720 1.9420 1.9890 0.0000
8:34:02 428 1.9160 1.9610 1.9720 1.9420 1.9880 0.0000
8:34:04 429 1.9150 1.9600 1.9720 1.9420 1.9880 0.0000
8:34:06 430 1.9150 1.9600 1.9720 1.9420 1.9880 0.0000
8:34:08 431 1.9140 1.9600 1.9710 1.9410 1.9880 0.0000
8:34:10 432 1.9140 1.9590 1.9700 1.9400 1.9870 0.0000
8:34:12 433 1.9130 1.9590 1.9700 1.9400 1.9870 0.0000
8:34:14 434 1.9130 1.9590 1.9700 1.9410 1.9860 0.0000
8:34:16 435 1.9130 1.9580 1.9700 1.9400 1.9860 0.0000
8:34:18 436 1.9120 1.9570 1.9690 1.9390 1.9850 0.0000
8:34:20 437 1.9130 1.9580 1.9700 1.9390 1.9860 0.0000
8:34:22 438 1.9120 1.9570 1.9690 1.9390 1.9850 0.0000
8:34:24 439 1.9120 1.9570 1.9690 1.9390 1.9850 0.0000
8:34:26 440 1.9120 1.9570 1.9690 1.9380 1.9850 0.0000
8:34:28 441 1.9110 1.9560 1.9680 1.9380 1.9840 0.0000
8:34:30 442 1.9110 1.9560 1.9680 1.9380 1.9840 0.0000
8:34:32 443 1.9110 1.9560 1.9670 1.9380 1.9840 0.0000
8:34:34 444 1.9100 1.9550 1.9670 1.9360 1.9830 0.0000
8:34:36 445 1.9100 1.9550 1.9670 1.9370 1.9830 0.0000
8:34:38 446 1.9100 1.9550 1.9670 1.9370 1.9830 0.0000
8:34:40 447 1.9100 1.9550 1.9660 1.9360 1.9830 0.0000
8:34:42 448 1.9090 1.9540 1.9660 1.9360 1.9820 0.0000
8:34:44 449 1.9080 1.9540 1.9650 1.9350 1.9820 0.0000
8:34:46 450 1.9090 1.9540 1.9660 1.9360 1.9820 0.0000
8:34:48 451 1.9080 1.9540 1.9660 1.9350 1.9820 0.0000
8:34:50 452 1.9080 1.9530 1.9640 1.9350 1.9810 0.0000
8:34:52 453 1.9070 1.9530 1.9640 1.9340 1.9810 0.0000
8:34:54 454 1.9070 1.9530 1.9640 1.9340 1.9810 0.0000
8:34:56 455 1.9080 1.9520 1.9640 1.9340 1.9800 0.0000
8:34:58 456 1.9070 1.9520 1.9640 1.9340 1.9800 0.0000
8:35:00 457 1.9070 1.9520 1.9640 1.9340 1.9800 0.0000
8:35:02 458 1.9070 1.9520 1.9640 1.9330 1.9800 0.0000
8:35:04 459 1.9070 1.9510 1.9630 1.9330 1.9790 0.0000
8:35:06 460 1.9060 1.9510 1.9630 1.9330 1.9790 0.0000
8:35:08 461 1.9060 1.9510 1.9630 1.9330 1.9790 0.0000
8:35:10 462 1.9050 1.9510 1.9630 1.9330 1.9790 0.0000
8:35:12 463 1.9050 1.9510 1.9630 1.9320 1.9790 0.0000
8:35:14 464 1.9040 1.9500 1.9610 1.9320 1.9780 0.0000
8:35:16 465 1.9050 1.9500 1.9620 1.9320 1.9780 0.0000
8:35:18 466 1.9050 1.9500 1.9620 1.9320 1.9770 0.0000
8:35:20 467 1.9040 1.9490 1.9610 1.9310 1.9770 0.0000
8:35:22 468 1.9040 1.9490 1.9610 1.9310 1.9770 0.0000
8:35:24 469 1.9040 1.9490 1.9610 1.9310 1.9770 0.0000
8:35:26 470 1.9040 1.9490 1.9610 1.9310 1.9770 0.0000
8:35:28 471 1.9040 1.9490 1.9610 1.9300 1.9760 0.0000
8:35:30 472 1.9030 1.9480 1.9600 1.9300 1.9760 0.0000
8:35:32 473 1.9030 1.9480 1.9600 1.9300 1.9760 0.0000
8:35:34 474 1.9030 1.9480 1.9600 1.9300 1.9760 0.0000
8:35:36 475 1.9030 1.9480 1.9600 1.9290 1.9760 0.0000
8:35:38 476 1.9030 1.9480 1.9600 1.9290 1.9760 0.0000
8:35:40 477 1.9030 1.9470 1.9600 1.9290 1.9750 0.0000
8:35:42 478 1.9010 1.9470 1.9580 1.9280 1.9750 0.0000
8:35:44 479 1.9020 1.9460 1.9590 1.9290 1.9740 0.0000
8:35:46 480 1.9010 1.9460 1.9580 1.9280 1.9740 0.0000
8:35:48 481 1.9010 1.9470 1.9580 1.9280 1.9740 0.0000
8:35:50 482 1.9010 1.9460 1.9580 1.9280 1.9740 0.0000
8:35:52 483 1.9010 1.9460 1.9580 1.9270 1.9740 0.0000
8:35:54 484 1.9000 1.9450 1.9570 1.9270 1.9730 0.0000
8:35:56 485 1.9000 1.9460 1.9580 1.9270 1.9730 0.0000
8:35:58 486 1.9000 1.9450 1.9570 1.9270 1.9730 0.0000
8:36:00 487 1.9000 1.9450 1.9570 1.9260 1.9720 0.0000
8:36:02 488 1.9000 1.9450 1.9570 1.9270 1.9730 0.0000
8:36:04 489 1.8990 1.9440 1.9560 1.9260 1.9720 0.0000
8:36:06 490 1.8990 1.9450 1.9570 1.9260 1.9720 0.0000
8:36:08 491 1.8990 1.9440 1.9570 1.9260 1.9720 0.0000
8:36:10 492 1.8980 1.9440 1.9560 1.9260 1.9720 0.0000
8:36:12 493 1.8990 1.9440 1.9560 1.9260 1.9720 0.0000
8:36:14 494 1.8980 1.9440 1.9560 1.9260 1.9720 0.0000
8:36:16 495 1.8980 1.9440 1.9550 1.9260 1.9720 0.0000
8:36:18 496 1.8980 1.9430 1.9550 1.9250 1.9710 0.0000
8:36:20 497 1.8980 1.9430 1.9550 1.9250 1.9710 0.0000
8:36:22 498 1.8980 1.9430 1.9550 1.9250 1.9710 0.0000
8:36:24 499 1.8980 1.9420 1.9550 1.9240 1.9700 0.0000
8:36:26 500 1.8970 1.9420 1.9540 1.9240 1.9700 0.0000
8:36:28 501 1.8970 1.9420 1.9540 1.9240 1.9700 0.0000
8:36:30 502 1.8970 1.9420 1.9540 1.9240 1.9700 0.0000
8:36:32 503 1.8970 1.9410 1.9540 1.9230 1.9690 0.0000
8:36:34 504 1.8970 1.9410 1.9540 1.9230 1.9690 0.0000
8:36:36 505 1.8970 1.9420 1.9540 1.9240 1.9700 0.0000
8:36:38 506 1.8970 1.9410 1.9540 1.9230 1.9690 0.0000
8:36:40 507 1.8960 1.9410 1.9530 1.9230 1.9690 0.0000
8:36:42 508 1.8960 1.9410 1.9530 1.9230 1.9690 0.0000
8:36:44 509 1.8960 1.9400 1.9530 1.9230 1.9680 0.0000
8:36:46 510 1.8960 1.9400 1.9530 1.9220 1.9680 0.0000
8:36:48 511 1.8950 1.9400 1.9530 1.9220 1.9680 0.0000
8:36:50 512 1.8950 1.9400 1.9520 1.9220 1.9680 0.0000
8:36:52 513 1.8950 1.9390 1.9520 1.9220 1.9680 0.0000
8:36:54 514 1.8950 1.9400 1.9520 1.9220 1.9680 0.0000
8:36:56 515 1.8940 1.9390 1.9510 1.9220 1.9670 0.0000
8:36:58 516 1.8940 1.9390 1.9510 1.9210 1.9670 0.0000
8:37:00 517 1.8940 1.9390 1.9510 1.9210 1.9670 0.0000
8:37:02 518 1.8940 1.9390 1.9520 1.9220 1.9670 0.0000
8:37:04 519 1.8940 1.9390 1.9510 1.9220 1.9670 0.0000
8:37:06 520 1.8940 1.9390 1.9510 1.9210 1.9670 0.0000
8:37:08 521 1.8930 1.9380 1.9510 1.9200 1.9660 0.0000
8:37:10 522 1.8930 1.9380 1.9510 1.9200 1.9660 0.0000
8:37:12 523 1.8940 1.9380 1.9510 1.9210 1.9660 0.0000
8:37:14 524 1.8930 1.9380 1.9510 1.9210 1.9670 0.0000
8:37:16 525 1.8930 1.9380 1.9500 1.9200 1.9660 0.0000
8:37:18 526 1.8930 1.9380 1.9500 1.9200 1.9660 0.0000
8:37:20 527 1.8930 1.9380 1.9500 1.9200 1.9660 0.0000
8:37:22 528 1.8920 1.9370 1.9500 1.9190 1.9650 0.0000
8:37:24 529 1.8920 1.9380 1.9500 1.9200 1.9660 0.0000
8:37:26 530 1.8920 1.9380 1.9500 1.9200 1.9660 0.0000
8:37:28 531 1.8920 1.9360 1.9490 1.9190 1.9640 0.0000
8:37:30 532 1.8920 1.9360 1.9490 1.9190 1.9640 0.0000
8:37:32 533 1.8910 1.9360 1.9490 1.9190 1.9640 0.0000
8:37:34 534 1.8920 1.9370 1.9490 1.9190 1.9650 0.0000
8:37:36 535 1.8920 1.9360 1.9490 1.9190 1.9640 0.0000
8:37:38 536 1.8910 1.9360 1.9480 1.9180 1.9640 0.0000
8:37:40 537 1.8910 1.9360 1.9480 1.9180 1.9640 0.0000
8:37:42 538 1.8910 1.9360 1.9490 1.9190 1.9640 0.0000
8:37:44 539 1.8910 1.9360 1.9480 1.9180 1.9640 0.0000
8:37:46 540 1.8910 1.9350 1.9480 1.9170 1.9640 0.0000
8:37:48 541 1.8900 1.9350 1.9480 1.9170 1.9630 0.0000
8:37:50 542 1.8910 1.9350 1.9480 1.9180 1.9640 0.0000
8:37:52 543 1.8900 1.9350 1.9470 1.9170 1.9630 0.0000
8:37:54 544 1.8900 1.9350 1.9470 1.9170 1.9630 0.0000
8:37:56 545 1.8900 1.9350 1.9470 1.9170 1.9630 0.0000
8:37:58 546 1.8900 1.9350 1.9470 1.9170 1.9630 0.0000
8:38:00 547 1.8900 1.9350 1.9470 1.9170 1.9630 0.0000
8:38:02 548 1.8880 1.9340 1.9470 1.9160 1.9620 0.0000
8:38:04 549 1.8890 1.9340 1.9470 1.9160 1.9620 0.0000
8:38:06 550 1.8890 1.9340 1.9470 1.9160 1.9620 0.0000
8:38:08 551 1.8890 1.9340 1.9460 1.9160 1.9620 0.0000
8:38:10 552 1.8890 1.9340 1.9460 1.9160 1.9610 0.0000
8:38:12 553 1.8880 1.9340 1.9460 1.9160 1.9610 0.0000
8:38:14 554 1.8890 1.9340 1.9460 1.9160 1.9620 0.0000
8:38:16 555 1.8880 1.9340 1.9460 1.9160 1.9610 0.0000
8:38:18 556 1.8880 1.9330 1.9460 1.9160 1.9610 0.0000
8:38:20 557 1.8880 1.9330 1.9450 1.9160 1.9610 0.0000
8:38:22 558 1.8880 1.9330 1.9460 1.9160 1.9610 0.0000
8:38:24 559 1.8880 1.9330 1.9460 1.9160 1.9610 0.0000
8:38:26 560 1.8880 1.9320 1.9450 1.9150 1.9610 0.0000
8:38:28 561 1.8880 1.9330 1.9450 1.9150 1.9600 0.0000
8:38:30 562 1.8880 1.9330 1.9450 1.9160 1.9610 0.0000
8:38:32 563 1.8880 1.9330 1.9450 1.9150 1.9610 0.0000
8:38:34 564 1.8870 1.9320 1.9440 1.9150 1.9600 0.0000
8:38:36 565 1.8870 1.9320 1.9440 1.9150 1.9600 0.0000
8:38:38 566 1.8870 1.9320 1.9440 1.9150 1.9600 0.0000
8:38:40 567 1.8880 1.9320 1.9450 1.9140 1.9600 0.0000
8:38:42 568 1.8870 1.9320 1.9440 1.9140 1.9600 0.0000
8:38:44 569 1.8870 1.9320 1.9440 1.9140 1.9600 0.0000
8:38:46 570 1.8870 1.9310 1.9440 1.9140 1.9590 0.0000
8:38:48 571 1.8870 1.9310 1.9440 1.9130 1.9590 0.0000
8:38:50 572 1.8860 1.9310 1.9440 1.9130 1.9590 0.0000
8:38:52 573 1.8860 1.9310 1.9440 1.9130 1.9590 0.0000
8:38:54 574 1.8870 1.9310 1.9440 1.9140 1.9600 0.0000
8:38:56 575 1.8870 1.9310 1.9440 1.9140 1.9590 0.0000
8:38:58 576 1.8860 1.9310 1.9430 1.9130 1.9590 0.0000
8:39:00 577 1.8850 1.9310 1.9430 1.9130 1.9590 0.0000
8:39:02 578 1.8850 1.9310 1.9430 1.9130 1.9590 0.0000
8:39:04 579 1.8860 1.9310 1.9440 1.9130 1.9590 0.0000
8:39:06 580 1.8850 1.9300 1.9420 1.9130 1.9580 0.0000
8:39:08 581 1.8850 1.9300 1.9420 1.9130 1.9580 0.0000
8:39:10 582 1.8850 1.9300 1.9420 1.9120 1.9580 0.0000
8:39:12 583 1.8850 1.9300 1.9430 1.9130 1.9580 0.0000
8:39:14 584 1.8850 1.9300 1.9420 1.9120 1.9570 0.0000
8:39:16 585 1.8850 1.9290 1.9420 1.9120 1.9580 0.0000
8:39:18 586 1.8850 1.9290 1.9420 1.9120 1.9570 0.0000
8:39:20 587 1.8840 1.9290 1.9420 1.9120 1.9570 0.0000
8:39:22 588 1.8850 1.9300 1.9420 1.9120 1.9580 0.0000
8:39:24 589 1.8840 1.9290 1.9420 1.9120 1.9570 0.0000
8:39:26 590 1.8840 1.9290 1.9410 1.9120 1.9570 0.0000
8:39:28 591 1.8850 1.9290 1.9420 1.9120 1.9580 0.0000
8:39:30 592 1.8840 1.9290 1.9410 1.9120 1.9570 0.0000
8:39:32 593 1.8840 1.9290 1.9410 1.9110 1.9570 0.0000
8:39:34 594 1.8830 1.9290 1.9410 1.9110 1.9570 0.0000
8:39:36 595 1.8840 1.9280 1.9410 1.9110 1.9570 0.0000
8:39:38 596 1.8840 1.9280 1.9410 1.9110 1.9560 0.0000
8:39:40 597 1.8840 1.9290 1.9410 1.9110 1.9570 0.0000
8:39:42 598 1.8830 1.9280 1.9410 1.9110 1.9560 0.0000
8:39:44 599 1.8830 1.9280 1.9410 1.9100 1.9560 0.0000
8:39:46 600 1.8840 1.9280 1.9410 1.9110 1.9570 0.0000
8:39:48 601 1.8840 1.9280 1.9410 1.9110 1.9570 0.0000
8:39:50 602 1.8830 1.9280 1.9400 1.9100 1.9560 0.0000
8:39:52 603 1.8830 1.9280 1.9410 1.9100 1.9560 0.0000
8:39:54 604 1.8820 1.9280 1.9400 1.9100 1.9560 0.0000
8:39:56 605 1.8830 1.9280 1.9410 1.9100 1.9560 0.0000
8:39:58 606 1.8820 1.9270 1.9400 1.9100 1.9560 0.0000
8:40:00 607 1.8820 1.9270 1.9400 1.9100 1.9560 0.0000
8:40:02 608 1.8820 1.9270 1.9400 1.9100 1.9560 0.0000
8:40:04 609 1.8820 1.9270 1.9390 1.9090 1.9550 0.0000
8:40:06 610 1.8820 1.9270 1.9400 1.9100 1.9550 0.0000
8:40:08 611 1.8820 1.9270 1.9390 1.9090 1.9550 0.0000
8:40:10 612 1.8820 1.9270 1.9390 1.9090 1.9550 0.0000
8:40:12 613 1.8820 1.9260 1.9390 1.9090 1.9540 0.0000
8:40:14 614 1.8810 1.9260 1.9390 1.9090 1.9540 0.0000
8:40:16 615 1.8820 1.9260 1.9390 1.9090 1.9540 0.0000
8:40:18 616 1.8810 1.9260 1.9390 1.9090 1.9540 0.0000
8:40:20 617 1.8810 1.9260 1.9390 1.9090 1.9540 0.0000
8:40:22 618 1.8820 1.9260 1.9390 1.9090 1.9550 0.0000
8:40:24 619 1.8810 1.9260 1.9390 1.9090 1.9540 0.0000
8:40:26 620 1.8810 1.9260 1.9390 1.9090 1.9540 0.0000

