start of data file.
siteName: HF-751-12B
Probe serial Number: 0

Date    Meas#    T1(B)       T2       T3       T4    T5(T)        H
-------------------------------------------------------------------
03:01:29    1  001.809  001.858  001.876  001.849  001.899  000.000
03:01:31    2  001.809  001.859  001.877  001.851  001.900  000.000
03:01:33    3  001.809  001.858  001.876  001.849  001.899  000.000
03:01:35    4  001.809  001.859  001.877  001.851  001.900  000.000
03:01:37    5  001.809  001.858  001.876  001.850  001.899  000.000
03:01:39    6  001.809  001.859  001.877  001.851  001.900  000.000
03:01:41    7  001.809  001.859  001.876  001.850  001.900  000.000
03:01:43    8  001.809  001.858  001.876  001.849  001.899  000.000
03:01:45    9  001.809  001.859  001.881  001.851  001.906  000.000
03:01:47   10  001.815  001.860  001.878  001.853  001.914  000.000
03:01:49   11  001.854  001.880  001.875  001.855  001.914  000.000
03:01:51   12  001.933  001.906  001.876  001.850  001.902  000.000
03:01:53   13  002.012  001.927  001.880  001.846  001.887  000.000
03:01:55   14  002.066  001.934  001.876  001.847  001.888  000.000
03:01:57   15  002.111  001.935  001.877  001.850  001.895  000.000
03:01:59   16  002.124  001.930  001.877  001.850  001.898  000.000
03:02:01   17  002.117  001.925  001.877  001.850  001.898  000.000
03:02:03   18  002.096  001.918  001.877  001.851  001.900  000.000
03:02:05   19  002.066  001.910  001.877  001.851  001.900  000.000
03:02:07   20  002.041  001.903  001.877  001.851  001.900  000.000
03:02:09   21  002.011  001.897  001.877  001.851  001.900  000.000
03:02:11   22  001.983  001.891  001.877  001.851  001.900  000.000
03:02:13   23  001.964  001.887  001.877  001.851  001.900  000.000
03:02:15   24  001.942  001.882  001.877  001.850  001.900  000.000
03:02:17   25  001.922  001.879  001.877  001.851  001.900  000.000
03:02:19   26  001.905  001.875  001.876  001.850  001.900  000.000
03:02:21   27  001.894  001.874  001.877  001.851  001.900  000.000
03:02:23   28  001.880  001.871  001.876  001.849  001.899  000.000
03:02:25   29  001.870  001.870  001.877  001.851  001.900  000.000
03:02:27   30  001.862  001.867  001.876  001.849  001.899  000.000
03:02:29   31  001.855  001.867  001.877  001.851  001.900  000.000
03:02:31   32  001.847  001.865  001.876  001.850  001.899  000.000
03:02:33   33  001.842  001.864  001.877  001.850  001.901  000.000
03:02:35   34  001.838  001.863  001.879  001.853  001.908  000.000
03:02:37   35  001.833  001.862  001.880  001.855  001.912  000.000
03:02:39   36  001.834  001.863  001.876  001.854  001.913  000.000
03:02:41   37  001.884  001.887  001.869  001.853  001.909  000.000
03:02:43   38  001.984  001.930  001.869  001.844  001.886  000.000
03:02:45   39  002.081  001.965  001.871  001.841  001.881  000.000
03:02:47   40  002.142  002.004  001.874  001.849  001.909  000.000
03:02:49   41  002.198  002.032  001.877  001.854  001.914  000.000
03:02:51   42  002.234  002.048  001.881  001.853  001.908  000.000
03:02:53   43  002.255  002.057  001.884  001.852  001.902  000.000
03:02:55   44  002.271  002.063  001.884  001.848  001.893  000.000
03:02:57   45  002.281  002.067  001.884  001.847  001.887  000.000
03:02:59   46  002.283  002.069  001.883  001.845  001.885  000.000
03:03:01   47  002.282  002.071  001.884  001.851  001.908  000.000
03:03:03   48  002.281  002.075  001.887  001.851  001.894  000.000
03:03:05   49  002.282  002.069  001.885  001.848  001.891  000.000
03:03:07   50  002.268  002.053  001.883  001.848  001.893  000.000
03:03:09   51  002.234  002.033  001.883  001.849  001.896  000.000
03:03:11   52  002.198  002.015  001.881  001.850  001.897  000.000
03:03:13   53  002.150  001.993  001.880  001.849  001.898  000.000
03:03:15   54  002.104  001.974  001.879  001.850  001.899  000.000
03:03:17   55  002.062  001.957  001.879  001.850  001.899  000.000
03:03:19   56  002.032  001.946  001.879  001.851  001.900  000.000
03:03:21   57  001.997  001.932  001.878  001.850  001.899  000.000
03:03:23   58  001.967  001.921  001.878  001.851  001.900  000.000
03:03:25   59  001.946  001.912  001.878  001.851  001.900  000.000
03:03:27   60  001.924  001.904  001.878  001.851  001.900  000.000
03:03:29   61  001.905  001.896  001.877  001.850  001.900  000.000
03:03:31   62  001.893  001.892  001.877  001.851  001.900  000.000
03:03:33   63  001.879  001.886  001.877  001.850  001.900  000.000
03:03:35   64  001.867  001.882  001.877  001.850  001.899  000.000
03:03:37   65  001.859  001.879  001.877  001.850  001.900  000.000
03:03:39   66  001.852  001.875  001.877  001.851  001.900  000.000
03:03:41   67  001.844  001.872  001.876  001.850  001.899  000.000
03:03:43   68  001.838  001.871  001.877  001.850  001.899  000.000
03:03:45   69  001.834  001.868  001.877  001.850  001.899  000.000
03:03:47   70  001.831  001.868  001.877  001.851  001.900  000.000
03:03:49   71  001.827  001.866  001.877  001.851  001.900  000.000
03:03:51   72  001.825  001.865  001.877  001.851  001.900  000.000
03:03:53   73  001.822  001.864  001.876  001.850  001.900  000.000
03:03:55   74  001.820  001.864  001.877  001.851  001.900  000.000
03:03:57   75  001.818  001.863  001.876  001.850  001.900  000.000
03:03:59   76  001.817  001.862  001.877  001.851  001.900  000.000
03:04:01   77  001.816  001.861  001.876  001.851  001.900  000.000
03:04:03   78  001.815  001.862  001.877  001.851  001.900  000.000
03:04:05   79  001.814  001.861  001.876  001.851  001.900  000.000
03:04:07   80  001.813  001.861  001.877  001.851  001.900  000.000
03:04:09   81  001.812  001.860  001.876  001.850  001.900  000.000
03:04:11   82  001.813  001.861  001.877  001.851  001.900  000.000
03:04:13   83  001.812  001.860  001.876  001.850  001.900  000.000
03:04:15   84  001.812  001.860  001.877  001.851  001.900  000.000
03:04:17   85  001.811  001.860  001.876  001.850  001.900  000.000
03:04:19   86  001.811  001.860  001.877  001.851  001.900  000.000
03:04:21   87  001.810  001.860  001.876  001.850  001.900  000.000
03:04:23   88  001.811  001.860  001.877  001.851  001.900  000.000
03:04:25   89  001.810  001.860  001.876  001.850  001.900  000.000
03:04:27   90  001.810  001.860  001.877  001.851  001.900  000.000
03:04:29   91  001.810  001.860  001.876  001.850  001.900  000.000
03:04:31   92  001.810  001.860  001.876  001.851  001.900  000.000
03:04:33   93  001.810  001.859  001.876  001.850  001.900  000.000
03:04:35   94  001.810  001.859  001.877  001.852  001.901  000.000
03:04:37   95  001.809  001.859  001.876  001.850  001.899  000.000
03:04:39   96  001.810  001.859  001.877  001.851  001.900  000.000
03:04:41   97  001.809  001.859  001.876  001.850  001.899  000.000
03:04:43   98  001.810  001.859  001.877  001.851  001.900  000.000
03:04:45   99  001.809  001.859  001.876  001.850  001.899  000.000
03:04:47  100  001.809  001.859  001.876  001.850  001.900  000.000
03:04:49  101  001.810  001.859  001.877  001.851  001.900  000.000
03:04:51  102  001.809  001.859  001.876  001.850  001.900  000.000
03:04:53  103  001.809  001.859  001.876  001.850  001.900  000.000
03:04:55  104  001.809  001.859  001.877  001.851  001.900  000.000
03:04:57  105  001.809  001.859  001.876  001.850  001.900  000.000
03:04:59  106  001.809  001.859  001.877  001.851  001.900  000.000
03:05:01  107  001.809  001.859  001.876  001.850  001.900  000.000
03:05:03  108  001.809  001.859  001.876  001.850  001.900  000.000
03:05:05  109  001.809  001.859  001.877  001.851  001.900  000.000
03:05:07  110  001.809  001.859  001.876  001.850  001.900  000.000
03:05:09  111  001.809  001.859  001.876  001.850  001.900  000.000
03:05:11  112  001.809  001.859  001.876  001.850  001.900  000.000
03:05:13  113  001.809  001.859  001.876  001.850  001.900  000.000
03:05:15  114  001.809  001.859  001.876  001.851  001.900  000.000
03:05:17  115  001.809  001.859  001.876  001.850  001.900  000.000
03:05:19  116  001.809  001.859  001.876  001.850  001.900  000.000
03:05:21  117  001.809  001.859  001.877  001.851  001.900  000.000
03:05:23  118  001.809  001.858  001.876  001.850  001.899  000.000
03:05:25  119  001.809  001.859  001.877  001.851  001.900  000.000
03:05:27  120  001.809  001.858  001.876  001.850  001.900  000.000
03:05:29  121  001.809  001.859  001.877  001.851  001.900  000.000
03:05:31  122  001.809  001.858  001.876  001.851  001.900  000.000
03:05:33  123  001.809  001.859  001.877  001.851  001.900  000.000
03:05:35  124  001.809  001.859  001.877  001.851  001.900  000.000
03:05:37  125  001.809  001.858  001.876  001.851  001.900  000.000
03:05:39  126  001.808  001.858  001.877  001.851  001.901  000.000
03:05:41  127  001.809  001.859  001.877  001.852  001.901  000.000
03:05:43  128  001.809  001.859  001.877  001.851  001.901  000.000
03:05:45  129  001.809  001.859  001.877  001.852  001.901  000.000
03:05:47  130  001.809  001.859  001.877  001.851  001.901  000.000
03:05:49  131  001.810  001.859  001.877  001.852  001.901  000.000
03:05:51  132  001.809  001.859  001.877  001.851  001.901  000.000
03:05:53  133  001.810  001.859  001.877  001.851  001.900  000.000
03:05:55  134  001.809  001.859  001.877  001.851  001.900  000.000
03:05:57  135  001.810  001.859  001.877  001.851  001.900  000.000
03:05:59  136  001.810  001.859  001.877  001.851  001.900  000.000
03:06:01  137  001.810  001.859  001.877  001.851  001.900  000.000
03:06:03  138  001.809  001.859  001.877  001.851  001.900  000.000
03:06:05  139  001.809  001.859  001.877  001.851  001.900  000.000
03:06:07  140  001.809  001.858  001.876  001.850  001.900  000.000
03:06:09  141  001.809  001.859  001.877  001.851  001.900  000.000
03:06:11  142  001.809  001.859  001.877  001.851  001.900  000.000
03:06:13  143  001.809  001.859  001.877  001.851  001.900  000.000
03:06:15  144  001.809  001.858  001.876  001.850  001.899  000.000
03:06:17  145  001.809  001.859  001.877  001.851  001.900  000.000
03:06:19  146  001.809  001.858  001.876  001.850  001.899  000.000
03:06:21  147  001.809  001.859  001.877  001.851  001.900  000.000
03:06:23  148  001.809  001.858  001.876  001.850  001.899  000.000
03:06:25  149  001.809  001.858  001.876  001.850  001.899  000.000
03:06:27  150  001.809  001.858  001.876  001.850  001.899  000.000
03:06:29  151  001.809  001.859  001.876  001.851  001.900  000.000
03:06:31  152  001.809  001.858  001.876  001.849  001.899  000.000
03:06:33  153  001.809  001.858  001.876  001.849  001.899  000.000
03:06:35  154  001.809  001.858  001.876  001.850  001.899  000.000
03:06:37  155  001.809  001.859  001.876  001.850  001.900  000.000
03:06:39  156  001.808  001.858  001.876  001.850  001.899  000.000
03:06:41  157  001.809  001.859  001.877  001.851  001.900  000.000
03:06:43  158  001.808  001.858  001.876  001.849  001.899  000.000
03:06:45  159  001.809  001.859  001.877  001.850  001.900  000.000
03:06:47  160  001.808  001.858  001.876  001.849  001.899  000.000
03:06:49  161  001.809  001.859  001.876  001.850  001.900  000.000
03:06:51  162  001.809  001.859  001.876  001.851  001.900  000.000
03:06:53  163  001.809  001.858  001.876  001.849  001.899  000.000
03:06:55  164  001.808  001.858  001.876  001.850  001.899  000.000
03:06:57  165  001.809  001.859  001.876  001.851  001.900  000.000
03:06:59  166  001.809  001.858  001.876  001.850  001.899  000.000
03:07:01  167  001.809  001.859  001.877  001.851  001.900  000.000
03:07:03  168  001.809  001.858  001.876  001.850  001.899  000.000
03:07:05  169  001.809  001.858  001.876  001.850  001.899  000.000
03:07:07  170  001.809  001.858  001.876  001.850  001.899  000.000
03:07:09  171  001.809  001.859  001.877  001.851  001.900  000.000
03:07:11  172  001.809  001.858  001.876  001.850  001.899  000.000
03:07:13  173  001.809  001.859  001.877  001.851  001.900  000.000
03:07:15  174  001.809  001.859  001.876  001.850  001.899  000.000
03:07:17  175  001.809  001.859  001.877  001.851  001.900  000.000
03:07:19  176  001.809  001.858  001.876  001.850  001.899  000.000
03:07:21  177  001.809  001.859  001.877  001.851  001.900  000.000
03:07:23  178  001.809  001.859  001.876  001.850  001.899  000.000
03:07:25  179  001.809  001.859  001.877  001.851  001.900  000.000
03:07:27  180  001.809  001.859  001.876  001.850  001.899  000.000
03:07:29  181  001.809  001.859  001.877  001.851  001.900  000.000
03:07:31  182  001.809  001.859  001.876  001.850  001.899  000.000
03:07:33  183  001.809  001.859  001.877  001.850  001.899  000.000
03:07:35  184  001.809  001.859  001.876  001.850  001.899  000.000
03:07:37  185  001.809  001.859  001.876  001.850  001.899  000.000
03:07:39  186  001.809  001.859  001.877  001.851  001.900  000.000
03:07:41  187  001.809  001.859  001.877  001.851  001.900  000.000
03:07:43  188  001.809  001.859  001.877  001.850  001.900  000.000
03:07:45  189  001.809  001.859  001.877  001.851  001.900  000.000
03:07:47  190  001.809  001.859  001.876  001.850  001.900  000.000
03:07:49  191  001.809  001.859  001.877  001.851  001.900  000.000
03:07:51  192  001.809  001.859  001.876  001.850  001.900  000.000
03:07:53  193  001.809  001.859  001.877  001.851  001.900  000.000
03:07:55  194  001.809  001.859  001.876  001.851  001.899  000.000
03:07:57  195  001.809  001.859  001.877  001.851  001.900  000.000
03:07:59  196  001.809  001.858  001.876  001.850  001.899  000.000
03:08:01  197  001.809  001.859  001.877  001.851  001.900  000.000
03:08:03  198  001.809  001.858  001.876  001.851  001.899  000.000
03:08:05  199  001.809  001.859  001.877  001.851  001.899  000.000
03:08:07  200  001.809  001.858  001.876  001.850  001.899  000.000
03:08:09  201  001.809  001.859  001.877  001.851  001.899  000.000
03:08:11  202  001.809  001.859  001.877  001.850  001.899  000.000
03:08:13  203  001.809  001.860  001.877  001.850  001.899  000.000
03:08:15  204  001.809  001.859  001.877  001.851  001.899  000.000
03:08:17  205  001.809  001.859  001.877  001.851  001.900  000.000
03:08:19  206  001.809  001.858  001.877  001.850  001.899  000.000
03:08:21  207  001.809  001.859  001.876  001.851  001.899  000.000
03:08:23  208  001.809  001.859  001.876  001.851  001.899  000.000
03:08:25  209  001.809  001.859  001.877  001.851  001.899  000.000
03:08:27  210  001.809  001.859  001.877  001.851  001.900  000.000
03:08:29  211  001.809  001.858  001.876  001.850  001.899  000.000
03:08:31  212  001.809  001.859  001.877  001.851  001.900  000.000
03:08:33  213  001.809  001.858  001.876  001.850  001.899  000.000
03:08:35  214  001.809  001.859  001.877  001.851  001.900  000.000
03:08:37  215  001.809  001.858  001.876  001.850  001.899  000.000
03:08:39  216  001.809  001.858  001.876  001.850  001.899  000.000
03:08:41  217  001.809  001.858  001.876  001.850  001.899  000.000
03:08:43  218  001.809  001.859  001.877  001.851  001.900  000.000
03:08:45  219  001.810  001.859  001.877  001.851  001.900  000.000
03:08:47  220  001.809  001.859  001.877  001.851  001.900  000.000
03:08:49  221  001.809  001.859  001.876  001.850  001.899  000.000
03:08:51  222  001.809  001.859  001.876  001.850  001.899  000.000
03:08:53  223  001.809  001.859  001.877  001.851  001.900  000.000
03:08:55  224  001.809  001.859  001.876  001.850  001.899  000.000
03:08:57  225  001.809  001.859  001.876  001.850  001.899  000.000
03:08:59  226  001.809  001.859  001.877  001.851  001.900  000.000
03:09:01  227  001.809  001.858  001.876  001.850  001.899  000.000
03:09:03  228  001.809  001.858  001.876  001.850  001.899  000.000
03:09:05  229  001.809  001.859  001.876  001.850  001.899  000.000
03:09:07  230  001.809  001.859  001.877  001.851  001.900  000.000
03:09:09  231  001.809  001.859  001.877  001.851  001.900  000.000
03:09:11  232  001.809  001.860  001.877  001.851  001.900  000.000
03:09:13  233  001.809  001.859  001.876  001.850  001.899  000.000
03:09:15  234  001.809  001.859  001.877  001.851  001.899  000.000
03:09:17  235  001.809  001.859  001.876  001.851  001.899  000.000
03:09:19  236  001.809  001.859  001.877  001.850  001.900  000.000
03:09:21  237  001.809  001.859  001.877  001.851  001.900  000.000
03:09:23  238  001.809  001.859  001.877  001.850  001.899  000.000
03:09:25  239  001.809  001.859  001.876  001.850  001.899  000.000
03:09:27  240  001.809  001.858  001.876  001.851  001.899  000.000
03:09:29  241  001.809  001.859  001.877  001.851  001.900  000.000
03:09:31  242  001.809  001.859  001.877  001.851  001.900  000.000
03:09:33  243  001.809  001.859  001.876  001.850  001.899  000.000
03:09:35  244  001.809  001.858  001.876  001.850  001.899  000.000
03:09:37  245  001.809  001.859  001.877  001.851  001.900  000.000
03:09:39  246  001.809  001.858  001.876  001.851  001.899  000.000
03:09:41  247  001.809  001.859  001.876  001.850  001.899  000.000
03:09:43  248  001.809  001.859  001.876  001.851  001.899  000.000
03:09:45  249  001.809  001.859  001.877  001.851  001.900  000.000
03:09:47  250  001.809  001.858  001.877  001.850  001.900  000.000
03:09:49  251  001.809  001.859  001.877  001.850  001.899  000.000
03:09:51  252  001.810  001.873  001.880  001.852  001.903  020.000
03:09:53  253  001.974  002.379  002.056  001.998  002.278  020.000
03:09:55  254  002.443  003.261  002.454  002.436  003.013  020.000
03:09:57  255  002.931  003.991  002.834  002.895  003.601  020.000
03:09:59  256  003.567  004.829  003.313  003.486  004.248  020.000
03:10:01  257  004.170  005.558  003.758  004.035  004.790  020.000
03:10:03  258  004.712  006.179  004.080  004.426  005.157  020.000
03:10:05  259  005.099  006.608  004.438  004.851  005.550  020.000
03:10:07  260  005.524  007.071  004.747  005.211  005.878  020.000
03:10:09  261  005.889  007.464  005.013  005.514  006.151  020.000
03:10:11  262  006.141  007.721  005.195  005.719  006.333  000.000
03:10:13  263  006.253  007.527  005.227  005.796  006.161  000.000
03:10:15  264  006.033  006.926  005.006  005.550  005.614  000.000
03:10:17  265  005.718  006.378  004.742  005.220  005.139  000.000
03:10:19  266  005.260  005.718  004.384  004.765  004.601  000.000
03:10:21  267  004.804  005.127  004.039  004.332  004.150  000.000
03:10:23  268  004.462  004.713  003.785  004.022  003.846  000.000
03:10:25  269  004.075  004.264  003.500  003.680  003.528  000.000
03:10:27  270  003.737  003.883  003.252  003.386  003.260  000.000
03:10:29  271  003.499  003.621  003.078  003.183  003.078  000.000
03:10:31  272  003.241  003.340  002.889  002.968  002.884  000.000
03:10:33  273  003.020  003.103  002.728  002.787  002.722  000.000
03:10:35  274  002.832  002.904  002.592  002.636  002.613  000.000
03:10:37  275  002.704  002.768  002.499  002.532  002.495  000.000
03:10:39  276  002.564  002.622  002.398  002.422  002.397  000.000
03:10:41  277  002.446  002.499  002.314  002.329  002.315  000.000
03:10:43  278  002.365  002.415  002.256  002.266  002.260  000.000
03:10:45  279  002.277  002.325  002.194  002.198  002.200  000.000
03:10:47  280  002.203  002.250  002.143  002.141  002.151  000.000
03:10:49  281  002.153  002.199  002.107  002.102  002.117  000.000
03:10:51  282  002.099  002.144  002.069  002.061  002.081  000.000
03:10:53  283  002.054  002.097  002.038  002.027  002.051  000.000
03:10:55  284  002.022  002.066  002.017  002.003  002.031  000.000
03:10:57  285  001.989  002.033  001.993  001.978  002.009  000.000
03:10:59  286  001.960  002.005  001.974  001.958  001.991  000.000
03:11:01  287  001.936  001.981  001.961  001.943  001.979  000.000
03:11:03  288  001.920  001.965  001.947  001.928  001.966  000.000
03:11:05  289  001.903  001.949  001.935  001.916  001.955  000.000
03:11:07  290  001.888  001.934  001.926  001.905  001.946  000.000
03:11:09  291  001.878  001.924  001.919  001.898  001.940  000.000
03:11:11  292  001.867  001.913  001.912  001.890  001.933  000.000
03:11:13  293  001.858  001.905  001.906  001.884  001.927  000.000
03:11:15  294  001.852  001.899  001.903  001.880  001.924  000.000
03:11:17  295  001.846  001.893  001.899  001.875  001.921  000.000
03:11:19  296  001.840  001.887  001.895  001.871  001.916  000.000
03:11:21  297  001.835  001.884  001.893  001.868  001.914  000.000
03:11:23  298  001.832  001.880  001.890  001.865  001.912  000.000
03:11:25  299  001.828  001.877  001.888  001.863  001.910  000.000
03:11:27  300  001.826  001.874  001.886  001.861  001.909  000.000
03:11:29  301  001.823  001.872  001.885  001.860  001.908  000.000
03:11:31  302  001.821  001.870  001.883  001.858  001.906  000.000
03:11:33  303  001.819  001.868  001.882  001.857  001.905  000.000
03:11:35  304  001.818  001.867  001.882  001.857  001.905  000.000
03:11:37  305  001.816  001.866  001.881  001.855  001.903  000.000
03:11:39  306  001.816  001.865  001.881  001.855  001.903  000.000
03:11:41  307  001.814  001.864  001.880  001.854  001.903  000.000
03:11:43  308  001.814  001.864  001.879  001.854  001.902  000.000
03:11:45  309  001.813  001.863  001.878  001.854  001.902  000.000
03:11:47  310  001.813  001.862  001.879  001.853  001.902  000.000
03:11:49  311  001.812  001.862  001.878  001.852  001.902  000.000
03:11:51  312  001.812  001.861  001.878  001.852  001.901  000.000
03:11:53  313  001.812  001.861  001.878  001.852  001.901  000.000
03:11:55  314  001.812  001.861  001.878  001.852  001.901  000.000
03:11:57  315  001.811  001.861  001.878  001.852  001.901  000.000
03:11:59  316  001.810  001.861  001.878  001.852  001.901  000.000
03:12:01  317  001.810  001.860  001.877  001.851  001.900  000.000
03:12:03  318  001.810  001.860  001.877  001.852  001.900  000.000
03:12:05  319  001.810  001.860  001.877  001.851  001.900  000.000
03:12:07  320  001.810  001.860  001.877  001.851  001.900  000.000
03:12:09  321  001.810  001.860  001.877  001.851  001.900  000.000
03:12:11  322  001.810  001.860  001.877  001.851  001.900  000.000
03:12:13  323  001.810  001.859  001.877  001.851  001.900  000.000
03:12:15  324  001.810  001.859  001.877  001.851  001.900  000.000
03:12:17  325  001.810  001.859  001.877  001.851  001.900  000.000
03:12:19  326  001.810  001.859  001.877  001.851  001.900  000.000
03:12:21  327  001.810  001.859  001.877  001.851  001.900  000.000
03:12:23  328  001.810  001.859  001.877  001.851  001.900  000.000
03:12:25  329  001.810  001.859  001.877  001.851  001.900  000.000
03:12:27  330  001.810  001.859  001.877  001.851  001.900  000.000
03:12:29  331  001.810  001.859  001.877  001.851  001.900  000.000
03:12:31  332  001.809  001.859  001.877  001.851  001.900  000.000
03:12:33  333  001.810  001.859  001.877  001.851  001.900  000.000
03:12:35  334  001.809  001.859  001.877  001.851  001.900  000.000
03:12:37  335  001.809  001.859  001.877  001.851  001.900  000.000
03:12:39  336  001.809  001.859  001.877  001.851  001.900  000.000
