start of data file.
siteName: HF-751-16A
Probe serial Number: 0

Date    Meas#    T1(B)       T2       T3       T4    T5(T)        H
-------------------------------------------------------------------
06:58:38    1  001.817  001.867  001.884  001.858  001.907  000.000
06:58:40    2  001.816  001.867  001.884  001.858  001.907  000.000
06:58:42    3  001.816  001.866  001.884  001.858  001.907  000.000
06:58:44    4  001.816  001.867  001.884  001.858  001.907  000.000
06:58:46    5  001.816  001.866  001.884  001.858  001.907  000.000
06:58:48    6  001.816  001.866  001.883  001.858  001.906  000.000
06:58:50    7  001.816  001.866  001.884  001.857  001.906  000.000
06:58:52    8  001.816  001.866  001.884  001.857  001.907  000.000
06:58:54    9  001.816  001.866  001.884  001.857  001.906  000.000
06:58:56   10  001.818  001.866  001.884  001.857  001.906  000.000
06:58:58   11  001.816  001.866  001.884  001.857  001.906  000.000
06:59:00   12  001.816  001.866  001.884  001.857  001.906  000.000
06:59:02   13  001.816  001.866  001.884  001.857  001.906  000.000
06:59:04   14  001.816  001.866  001.884  001.857  001.906  000.000
06:59:06   15  001.816  001.866  001.883  001.857  001.906  000.000
06:59:08   16  001.816  001.866  001.883  001.857  001.906  000.000
06:59:10   17  001.816  001.866  001.883  001.857  001.906  000.000
06:59:12   18  001.816  001.866  001.883  001.857  001.906  000.000
06:59:14   19  001.816  001.866  001.883  001.857  001.906  000.000
06:59:16   20  001.816  001.866  001.883  001.857  001.906  000.000
06:59:18   21  001.816  001.866  001.883  001.857  001.906  000.000
06:59:20   22  001.816  001.866  001.883  001.857  001.906  000.000
06:59:22   23  001.816  001.866  001.884  001.857  001.906  000.000
06:59:24   24  001.816  001.866  001.883  001.857  001.906  000.000
06:59:26   25  001.816  001.866  001.883  001.857  001.906  000.000
06:59:28   26  001.816  001.866  001.883  001.857  001.906  000.000
06:59:30   27  001.816  001.866  001.883  001.857  001.906  000.000
06:59:32   28  001.817  001.867  001.884  001.858  001.907  000.000
06:59:34   29  001.817  001.867  001.884  001.858  001.907  000.000
06:59:36   30  001.816  001.866  001.883  001.857  001.906  000.000
06:59:38   31  001.816  001.866  001.883  001.857  001.907  000.000
06:59:40   32  001.816  001.866  001.883  001.857  001.907  000.000
06:59:42   33  001.816  001.866  001.883  001.857  001.907  000.000
06:59:44   34  001.816  001.866  001.883  001.857  001.907  000.000
06:59:46   35  001.816  001.866  001.883  001.857  001.907  000.000
06:59:48   36  001.816  001.866  001.883  001.858  001.907  000.000
06:59:50   37  001.816  001.866  001.884  001.858  001.907  000.000
06:59:52   38  001.816  001.866  001.884  001.858  001.909  000.000
06:59:54   39  001.817  001.865  001.885  001.860  001.912  000.000
06:59:56   40  001.817  001.865  001.884  001.860  001.911  000.000
06:59:58   41  001.834  001.870  001.882  001.860  001.911  000.000
07:00:00   42  001.884  001.903  001.880  001.858  001.909  000.000
07:00:02   43  001.934  001.934  001.882  001.858  001.908  000.000
07:00:04   44  001.992  001.973  001.888  001.857  001.906  000.000
07:00:06   45  002.050  002.019  001.929  001.876  001.899  000.000
07:00:08   46  002.110  002.071  001.988  001.918  001.901  000.000
07:00:10   47  002.154  002.110  002.030  001.950  001.906  000.000
07:00:12   48  002.202  002.151  002.075  001.986  001.911  000.000
07:00:14   49  002.239  002.185  002.110  002.016  001.918  000.000
07:00:16   50  002.263  002.208  002.132  002.035  001.923  000.000
07:00:18   51  002.286  002.231  002.153  002.054  001.929  000.000
07:00:20   52  002.303  002.248  002.169  002.067  001.934  000.000
07:00:22   53  002.313  002.259  002.179  002.075  001.938  000.000
07:00:24   54  002.323  002.269  002.188  002.082  001.943  000.000
07:00:26   55  002.329  002.277  002.194  002.087  001.946  000.000
07:00:28   56  002.333  002.281  002.199  002.090  001.949  000.000
07:00:30   57  002.336  002.285  002.202  002.092  001.952  000.000
07:00:32   58  002.337  002.288  002.205  002.094  001.954  000.000
07:00:34   59  002.338  002.290  002.206  002.095  001.956  000.000
07:00:36   60  002.339  002.290  002.207  002.095  001.957  000.000
07:00:38   61  002.338  002.291  002.207  002.095  001.959  000.000
07:00:40   62  002.337  002.291  002.207  002.094  001.961  000.000
07:00:42   63  002.336  002.290  002.207  002.093  001.962  000.000
07:00:44   64  002.335  002.290  002.207  002.093  001.963  000.000
07:00:46   65  002.333  002.288  002.207  002.092  001.964  000.000
07:00:48   66  002.332  002.288  002.205  002.091  001.964  000.000
07:00:50   67  002.330  002.286  002.205  002.090  001.965  000.000
07:00:52   68  002.329  002.285  002.204  002.089  001.967  000.000
07:00:54   69  002.328  002.284  002.204  002.089  001.967  000.000
07:00:56   70  002.326  002.283  002.202  002.087  001.967  000.000
07:00:58   71  002.324  002.282  002.201  002.086  001.968  000.000
07:01:00   72  002.323  002.280  002.201  002.085  001.968  000.000
07:01:02   73  002.321  002.279  002.200  002.084  001.969  000.000
07:01:04   74  002.320  002.278  002.199  002.084  001.970  000.000
07:01:06   75  002.318  002.277  002.198  002.083  001.970  000.000
07:01:08   76  002.317  002.276  002.197  002.081  001.970  000.000
07:01:10   77  002.316  002.274  002.196  002.081  001.971  000.000
07:01:12   78  002.314  002.273  002.196  002.080  001.971  000.000
07:01:14   79  002.313  002.273  002.194  002.079  001.971  000.000
07:01:16   80  002.312  002.271  002.194  002.078  001.971  000.000
07:01:18   81  002.311  002.270  002.193  002.077  001.971  000.000
07:01:20   82  002.310  002.269  002.193  002.077  001.972  000.000
07:01:22   83  002.309  002.268  002.191  002.076  001.972  000.000
07:01:24   84  002.308  002.268  002.191  002.075  001.972  000.000
07:01:26   85  002.307  002.266  002.190  002.075  001.972  000.000
07:01:28   86  002.306  002.266  002.190  002.074  001.972  000.000
07:01:30   87  002.305  002.265  002.189  002.073  001.972  000.000
07:01:32   88  002.303  002.264  002.188  002.072  001.973  000.000
07:01:34   89  002.303  002.263  002.187  002.072  001.973  000.000
07:01:36   90  002.302  002.262  002.187  002.071  001.973  000.000
07:01:38   91  002.302  002.262  002.186  002.071  001.973  000.000
07:01:40   92  002.301  002.261  002.185  002.071  001.973  000.000
07:01:42   93  002.300  002.260  002.185  002.069  001.973  000.000
07:01:44   94  002.299  002.260  002.185  002.069  001.973  000.000
07:01:46   95  002.299  002.259  002.184  002.069  001.973  000.000
07:01:48   96  002.298  002.259  002.184  002.068  001.973  000.000
07:01:50   97  002.297  002.258  002.183  002.068  001.974  000.000
07:01:52   98  002.297  002.257  002.182  002.067  001.974  000.000
07:01:54   99  002.296  002.257  002.182  002.067  001.974  000.000
07:01:56  100  002.296  002.256  002.182  002.066  001.973  000.000
07:01:58  101  002.295  002.256  002.181  002.066  001.973  000.000
07:02:00  102  002.294  002.255  002.181  002.066  001.973  000.000
07:02:02  103  002.294  002.254  002.181  002.065  001.974  000.000
07:02:04  104  002.293  002.254  002.180  002.065  001.974  000.000
07:02:06  105  002.293  002.254  002.179  002.064  001.974  000.000
07:02:08  106  002.293  002.253  002.179  002.063  001.974  000.000
07:02:10  107  002.292  002.253  002.179  002.063  001.974  000.000
07:02:12  108  002.291  002.253  002.178  002.063  001.974  000.000
07:02:14  109  002.291  002.252  002.178  002.063  001.974  000.000
07:02:16  110  002.290  002.251  002.178  002.062  001.974  000.000
07:02:18  111  002.290  002.251  002.178  002.062  001.974  000.000
07:02:20  112  002.290  002.251  002.177  002.062  001.974  000.000
07:02:22  113  002.290  002.250  002.176  002.061  001.974  000.000
07:02:24  114  002.289  002.250  002.176  002.061  001.974  000.000
07:02:26  115  002.288  002.250  002.176  002.060  001.974  000.000
07:02:28  116  002.288  002.249  002.176  002.060  001.974  000.000
07:02:30  117  002.287  002.249  002.176  002.060  001.974  000.000
07:02:32  118  002.287  002.248  002.175  002.060  001.974  000.000
07:02:34  119  002.287  002.248  002.175  002.059  001.974  000.000
07:02:36  120  002.286  002.248  002.175  002.059  001.974  000.000
07:02:38  121  002.286  002.247  002.174  002.059  001.974  000.000
07:02:40  122  002.286  002.247  002.174  002.059  001.974  000.000
07:02:42  123  002.286  002.247  002.174  002.059  001.974  000.000
07:02:44  124  002.285  002.246  002.173  002.058  001.974  000.000
07:02:46  125  002.285  002.246  002.173  002.057  001.974  000.000
07:02:48  126  002.285  002.246  002.173  002.057  001.974  000.000
07:02:50  127  002.284  002.246  002.173  002.057  001.974  000.000
07:02:52  128  002.284  002.246  002.172  002.057  001.974  000.000
07:02:54  129  002.284  002.245  002.172  002.057  001.974  000.000
07:02:56  130  002.283  002.245  002.172  002.056  001.974  000.000
07:02:58  131  002.283  002.245  002.172  002.056  001.974  000.000
07:03:00  132  002.283  002.245  002.172  002.056  001.974  000.000
07:03:02  133  002.283  002.244  002.171  002.056  001.974  000.000
07:03:04  134  002.282  002.244  002.171  002.056  001.974  000.000
07:03:06  135  002.282  002.243  002.171  002.056  001.974  000.000
07:03:08  136  002.282  002.243  002.170  002.056  001.975  000.000
07:03:10  137  002.282  002.243  002.170  002.055  001.975  000.000
07:03:12  138  002.282  002.243  002.170  002.055  001.975  000.000
07:03:14  139  002.281  002.243  002.170  002.054  001.975  000.000
07:03:16  140  002.281  002.242  002.170  002.054  001.976  000.000
07:03:18  141  002.281  002.242  002.170  002.054  001.976  000.000
07:03:20  142  002.280  002.242  002.169  002.054  001.976  000.000
07:03:22  143  002.280  002.242  002.169  002.054  001.976  000.000
07:03:24  144  002.280  002.242  002.169  002.054  001.976  000.000
07:03:26  145  002.280  002.241  002.169  002.053  001.976  000.000
07:03:28  146  002.279  002.242  002.169  002.054  001.976  000.000
07:03:30  147  002.280  002.241  002.169  002.053  001.976  000.000
07:03:32  148  002.279  002.241  002.169  002.053  001.976  000.000
07:03:34  149  002.279  002.241  002.168  002.053  001.976  000.000
07:03:36  150  002.279  002.240  002.168  002.053  001.976  000.000
07:03:38  151  002.279  002.240  002.168  002.053  001.976  000.000
07:03:40  152  002.279  002.240  002.167  002.052  001.976  000.000
07:03:42  153  002.279  002.240  002.167  002.052  001.977  000.000
07:03:44  154  002.279  002.240  002.167  002.052  001.977  000.000
07:03:46  155  002.278  002.240  002.167  002.052  001.977  000.000
07:03:48  156  002.278  002.239  002.167  002.052  001.977  000.000
07:03:50  157  002.278  002.239  002.167  002.051  001.977  000.000
07:03:52  158  002.277  002.239  002.167  002.051  001.977  000.000
07:03:54  159  002.277  002.239  002.166  002.051  001.977  000.000
07:03:56  160  002.277  002.239  002.166  002.051  001.978  000.000
07:03:58  161  002.277  002.239  002.166  002.051  001.977  000.000
07:04:00  162  002.277  002.238  002.166  002.051  001.978  000.000
07:04:02  163  002.277  002.238  002.166  002.051  001.978  000.000
07:04:04  164  002.277  002.238  002.166  002.051  001.978  000.000
07:04:06  165  002.276  002.238  002.166  002.050  001.977  000.000
07:04:08  166  002.276  002.238  002.166  002.050  001.977  000.000
07:04:10  167  002.276  002.237  002.165  002.050  001.977  000.000
07:04:12  168  002.276  002.238  002.165  002.051  001.978  000.000
07:04:14  169  002.276  002.237  002.165  002.050  001.977  000.000
07:04:16  170  002.276  002.237  002.165  002.050  001.977  000.000
07:04:18  171  002.276  002.237  002.165  002.050  001.977  000.000
07:04:20  172  002.276  002.237  002.165  002.050  001.977  000.000
07:04:22  173  002.275  002.237  002.164  002.049  001.977  000.000
07:04:24  174  002.275  002.237  002.165  002.049  001.977  000.000
07:04:26  175  002.274  002.237  002.164  002.049  001.977  000.000
07:04:28  176  002.275  002.237  002.164  002.049  001.977  000.000
07:04:30  177  002.275  002.236  002.164  002.049  001.977  000.000
07:04:32  178  002.274  002.237  002.164  002.048  001.977  000.000
07:04:34  179  002.274  002.236  002.164  002.049  001.977  000.000
07:04:36  180  002.274  002.236  002.164  002.048  001.977  000.000
07:04:38  181  002.274  002.236  002.164  002.048  001.977  000.000
07:04:40  182  002.274  002.236  002.164  002.048  001.977  000.000
07:04:42  183  002.274  002.236  002.164  002.048  001.977  000.000
07:04:44  184  002.274  002.236  002.163  002.048  001.977  000.000
07:04:46  185  002.274  002.235  002.163  002.048  001.977  000.000
07:04:48  186  002.274  002.235  002.163  002.048  001.977  000.000
07:04:50  187  002.274  002.235  002.163  002.048  001.977  000.000
07:04:52  188  002.273  002.235  002.163  002.048  001.977  000.000
07:04:54  189  002.273  002.235  002.163  002.048  001.978  000.000
07:04:56  190  002.273  002.235  002.163  002.048  001.978  000.000
07:04:58  191  002.273  002.235  002.163  002.047  001.978  000.000
07:05:00  192  002.273  002.235  002.163  002.047  001.977  000.000
07:05:02  193  002.273  002.234  002.163  002.047  001.977  000.000
07:05:04  194  002.273  002.234  002.163  002.047  001.977  000.000
07:05:06  195  002.273  002.234  002.163  002.047  001.977  000.000
07:05:08  196  002.273  002.234  002.163  002.047  001.977  000.000
07:05:10  197  002.273  002.234  002.162  002.047  001.977  000.000
07:05:12  198  002.273  002.234  002.162  002.047  001.977  000.000
07:05:14  199  002.273  002.234  002.162  002.047  001.977  000.000
07:05:16  200  002.272  002.234  002.162  002.047  001.977  000.000
07:05:18  201  002.272  002.234  002.162  002.047  001.976  000.000
07:05:20  202  002.272  002.234  002.162  002.046  001.977  000.000
07:05:22  203  002.272  002.233  002.161  002.046  001.976  000.000
07:05:24  204  002.271  002.233  002.161  002.046  001.976  000.000
07:05:26  205  002.272  002.233  002.161  002.046  001.976  000.000
07:05:28  206  002.272  002.233  002.161  002.046  001.976  000.000
07:05:30  207  002.271  002.233  002.161  002.046  001.976  000.000
07:05:32  208  002.271  002.233  002.161  002.046  001.976  000.000
07:05:34  209  002.271  002.233  002.161  002.046  001.977  000.000
07:05:36  210  002.271  002.233  002.161  002.045  001.977  000.000
07:05:38  211  002.271  002.233  002.161  002.045  001.977  000.000
07:05:40  212  002.271  002.233  002.161  002.045  001.977  000.000
07:05:42  213  002.271  002.233  002.161  002.045  001.977  000.000
07:05:44  214  002.271  002.233  002.161  002.045  001.977  000.000
07:05:46  215  002.271  002.233  002.161  002.045  001.976  000.000
07:05:48  216  002.271  002.233  002.161  002.045  001.977  000.000
07:05:50  217  002.271  002.233  002.161  002.045  001.977  000.000
07:05:52  218  002.271  002.233  002.160  002.045  001.977  000.000
07:05:54  219  002.271  002.232  002.160  002.045  001.977  000.000
07:05:56  220  002.270  002.232  002.160  002.045  001.978  000.000
07:05:58  221  002.271  002.232  002.160  002.045  001.977  000.000
07:06:00  222  002.271  002.232  002.160  002.045  001.978  000.000
07:06:02  223  002.270  002.232  002.160  002.045  001.978  000.000
07:06:04  224  002.270  002.232  002.160  002.045  001.978  000.000
07:06:06  225  002.270  002.232  002.160  002.045  001.978  000.000
07:06:08  226  002.270  002.232  002.160  002.045  001.978  000.000
07:06:10  227  002.270  002.231  002.160  002.044  001.978  000.000
07:06:12  228  002.270  002.231  002.160  002.044  001.978  000.000
07:06:14  229  002.270  002.231  002.160  002.044  001.978  000.000
07:06:16  230  002.270  002.231  002.160  002.044  001.978  000.000
07:06:18  231  002.269  002.231  002.160  002.044  001.978  000.000
07:06:20  232  002.269  002.231  002.160  002.044  001.978  000.000
07:06:22  233  002.269  002.231  002.160  002.044  001.978  000.000
07:06:24  234  002.269  002.231  002.160  002.044  001.978  000.000
07:06:26  235  002.269  002.231  002.160  002.044  001.977  000.000
07:06:28  236  002.269  002.231  002.159  002.044  001.978  000.000
07:06:30  237  002.269  002.231  002.159  002.044  001.978  000.000
07:06:32  238  002.269  002.231  002.159  002.044  001.978  000.000
07:06:34  239  002.269  002.231  002.159  002.044  001.978  000.000
07:06:36  240  002.269  002.231  002.159  002.044  001.977  000.000
07:06:38  241  002.269  002.231  002.159  002.044  001.977  000.000
07:06:40  242  002.269  002.231  002.159  002.044  001.977  000.000
07:06:42  243  002.269  002.230  002.158  002.044  001.977  000.000
07:06:44  244  002.269  002.231  002.159  002.044  001.977  000.000
07:06:46  245  002.269  002.231  002.159  002.043  001.977  000.000
07:06:48  246  002.269  002.230  002.158  002.044  001.977  000.000
07:06:50  247  002.269  002.230  002.158  002.043  001.976  000.000
07:06:52  248  002.269  002.230  002.158  002.044  001.977  000.000
07:06:54  249  002.268  002.230  002.158  002.043  001.977  000.000
07:06:56  250  002.269  002.230  002.158  002.043  001.977  000.000
07:06:58  251  002.268  002.230  002.158  002.043  001.977  000.000
07:07:00  252  002.303  002.378  002.208  002.072  002.078  020.000
07:07:02  253  002.531  002.927  002.430  002.276  002.561  020.000
07:07:04  254  003.050  003.822  002.858  002.763  003.325  020.000
07:07:06  255  003.674  004.703  003.336  003.350  004.033  020.000
07:07:08  256  004.176  005.344  003.712  003.815  004.526  020.000
07:07:10  257  004.764  006.050  004.150  004.351  005.057  020.000
07:07:12  258  005.293  006.659  004.545  004.826  005.509  020.000
07:07:14  259  005.673  007.086  004.830  005.163  005.822  020.000
07:07:16  260  006.097  007.555  005.152  005.534  006.167  020.000
07:07:18  261  006.468  007.961  005.437  005.857  006.467  020.000
07:07:20  262  006.759  008.181  005.622  006.074  006.638  000.000
07:07:22  263  006.783  007.886  005.617  006.107  006.362  000.000
07:07:24  264  006.551  007.307  005.403  005.849  005.829  000.000
07:07:26  265  006.175  006.688  005.109  005.467  005.303  000.000
07:07:28  266  005.844  006.223  004.865  005.149  004.936  000.000
07:07:30  267  005.442  005.704  004.576  004.778  004.546  000.000
07:07:32  268  005.076  005.260  004.316  004.453  004.225  000.000
07:07:34  269  004.815  004.953  004.131  004.225  004.010  000.000
07:07:36  270  004.526  004.623  003.926  003.979  003.782  000.000
07:07:38  271  004.279  004.346  003.748  003.771  003.592  000.000
07:07:40  272  004.105  004.153  003.624  003.626  003.462  000.000
07:07:42  273  003.917  003.947  003.488  003.470  003.322  000.000
07:07:44  274  003.755  003.772  003.370  003.337  003.204  000.000
07:07:46  275  003.644  003.651  003.289  003.246  003.122  000.000
07:07:48  276  003.521  003.519  003.198  003.145  003.033  000.000
07:07:50  277  003.415  003.406  003.120  003.059  002.954  000.000
07:07:52  278  003.323  003.310  003.052  002.998  002.899  000.000
07:07:54  279  003.259  003.241  003.003  002.931  002.837  000.000
07:07:56  280  003.188  003.167  002.950  002.872  002.783  000.000
07:07:58  281  003.126  003.102  002.903  002.821  002.735  000.000
07:08:00  282  003.082  003.056  002.869  002.784  002.701  000.000
07:08:02  283  003.032  003.004  002.831  002.743  002.663  000.000
07:08:04  284  002.989  002.960  002.797  002.707  002.629  000.000
07:08:06  285  002.957  002.928  002.773  002.681  002.604  000.000
07:08:08  286  002.922  002.891  002.745  002.651  002.576  000.000
07:08:10  287  002.891  002.859  002.720  002.624  002.549  000.000
07:08:12  288  002.867  002.836  002.702  002.605  002.530  000.000
07:08:14  289  002.841  002.809  002.681  002.583  002.508  000.000
07:08:16  290  002.817  002.785  002.662  002.562  002.488  000.000
07:08:18  291  002.796  002.766  002.647  002.547  002.472  000.000
07:08:20  292  002.781  002.747  002.631  002.530  002.456  000.000
07:08:22  293  002.762  002.728  002.616  002.513  002.440  000.000
07:08:24  294  002.745  002.712  002.602  002.499  002.425  000.000
07:08:26  295  002.733  002.699  002.592  002.488  002.412  000.000
07:08:28  296  002.718  002.684  002.579  002.475  002.398  000.000
07:08:30  297  002.705  002.671  002.568  002.462  002.384  000.000
07:08:32  298  002.695  002.660  002.560  002.453  002.375  000.000
07:08:34  299  002.682  002.648  002.549  002.443  002.364  000.000
07:08:36  300  002.672  002.637  002.540  002.433  002.353  000.000
07:08:38  301  002.663  002.629  002.532  002.425  002.345  000.000
07:08:40  302  002.653  002.619  002.524  002.416  002.336  000.000
07:08:42  303  002.643  002.609  002.515  002.407  002.328  000.000
07:08:44  304  002.637  002.602  002.509  002.401  002.321  000.000
07:08:46  305  002.628  002.593  002.502  002.393  002.313  000.000
07:08:48  306  002.619  002.585  002.494  002.385  002.305  000.000
07:08:50  307  002.611  002.577  002.487  002.379  002.299  000.000
07:08:52  308  002.607  002.572  002.482  002.373  002.293  000.000
07:08:54  309  002.600  002.564  002.476  002.366  002.286  000.000
07:08:56  310  002.592  002.557  002.469  002.360  002.280  000.000
07:08:58  311  002.588  002.553  002.466  002.355  002.275  000.000
07:09:00  312  002.582  002.547  002.460  002.350  002.270  000.000
07:09:02  313  002.576  002.540  002.455  002.344  002.265  000.000
07:09:04  314  002.571  002.536  002.450  002.340  002.261  000.000
07:09:06  315  002.566  002.531  002.445  002.334  002.256  000.000
07:09:08  316  002.561  002.525  002.440  002.329  002.251  000.000
07:09:10  317  002.556  002.521  002.437  002.325  002.248  000.000
07:09:12  318  002.552  002.516  002.433  002.321  002.243  000.000
07:09:14  319  002.547  002.512  002.428  002.317  002.240  000.000
07:09:16  320  002.542  002.507  002.424  002.313  002.236  000.000
07:09:18  321  002.539  002.504  002.420  002.309  002.232  000.000
07:09:20  322  002.534  002.499  002.416  002.304  002.228  000.000
07:09:22  323  002.531  002.495  002.412  002.300  002.226  000.000
07:09:24  324  002.528  002.492  002.410  002.298  002.223  000.000
07:09:26  325  002.523  002.488  002.406  002.294  002.219  000.000
07:09:28  326  002.520  002.484  002.403  002.290  002.216  000.000
07:09:30  327  002.516  002.481  002.400  002.287  002.214  000.000
07:09:32  328  002.513  002.477  002.396  002.284  002.211  000.000
07:09:34  329  002.510  002.474  002.393  002.281  002.208  000.000
07:09:36  330  002.507  002.471  002.391  002.278  002.206  000.000
07:09:38  331  002.504  002.468  002.387  002.275  002.203  000.000
07:09:40  332  002.501  002.464  002.385  002.272  002.200  000.000
07:09:42  333  002.498  002.462  002.382  002.269  002.198  000.000
07:09:44  334  002.495  002.459  002.379  002.266  002.196  000.000
07:09:46  335  002.491  002.456  002.376  002.263  002.193  000.000
07:09:48  336  002.489  002.453  002.374  002.261  002.191  000.000
07:09:50  337  002.487  002.451  002.372  002.258  002.189  000.000
07:09:52  338  002.483  002.448  002.369  002.256  002.186  000.000
07:09:54  339  002.481  002.445  002.367  002.254  002.185  000.000
07:09:56  340  002.480  002.444  002.365  002.251  002.182  000.000
07:09:58  341  002.476  002.441  002.362  002.248  002.180  000.000
07:10:00  342  002.474  002.438  002.360  002.246  002.179  000.000
07:10:02  343  002.472  002.436  002.358  002.245  002.177  000.000
07:10:04  344  002.470  002.434  002.356  002.242  002.175  000.000
07:10:06  345  002.468  002.431  002.354  002.240  002.173  000.000
07:10:08  346  002.466  002.429  002.352  002.238  002.171  000.000
07:10:10  347  002.463  002.427  002.350  002.236  002.169  000.000
07:10:12  348  002.461  002.425  002.347  002.233  002.167  000.000
07:10:14  349  002.459  002.423  002.346  002.231  002.166  000.000
07:10:16  350  002.458  002.422  002.345  002.230  002.165  000.000
07:10:18  351  002.455  002.419  002.342  002.228  002.163  000.000
07:10:20  352  002.453  002.417  002.339  002.226  002.161  000.000
07:10:22  353  002.452  002.416  002.339  002.224  002.160  000.000
07:10:24  354  002.450  002.414  002.337  002.222  002.158  000.000
07:10:26  355  002.448  002.412  002.336  002.221  002.156  000.000
07:10:28  356  002.447  002.410  002.334  002.219  002.155  000.000
07:10:30  357  002.445  002.408  002.332  002.217  002.153  000.000
07:10:32  358  002.443  002.406  002.330  002.216  002.152  000.000
07:10:34  359  002.442  002.406  002.329  002.214  002.151  000.000
07:10:36  360  002.440  002.404  002.328  002.213  002.150  000.000
07:10:38  361  002.438  002.401  002.325  002.211  002.147  000.000
07:10:40  362  002.437  002.400  002.324  002.210  002.147  000.000
07:10:42  363  002.436  002.399  002.323  002.208  002.146  000.000
07:10:44  364  002.433  002.397  002.321  002.207  002.144  000.000
07:10:46  365  002.431  002.395  002.320  002.205  002.143  000.000
07:10:48  366  002.431  002.394  002.319  002.204  002.141  000.000
07:10:50  367  002.430  002.393  002.317  002.202  002.140  000.000
07:10:52  368  002.428  002.391  002.316  002.201  002.139  000.000
07:10:54  369  002.427  002.390  002.315  002.200  002.138  000.000
07:10:56  370  002.425  002.389  002.313  002.198  002.137  000.000
07:10:58  371  002.424  002.387  002.312  002.197  002.135  000.000
07:11:00  372  002.423  002.386  002.311  002.196  002.135  000.000
07:11:02  373  002.422  002.385  002.310  002.195  002.134  000.000
07:11:04  374  002.420  002.383  002.308  002.193  002.132  000.000
07:11:06  375  002.419  002.382  002.307  002.192  002.131  000.000
07:11:08  376  002.417  002.381  002.306  002.191  002.130  000.000
07:11:10  377  002.416  002.380  002.305  002.190  002.129  000.000
07:11:12  378  002.415  002.378  002.303  002.188  002.128  000.000
07:11:14  379  002.414  002.378  002.302  002.187  002.128  000.000
07:11:16  380  002.413  002.376  002.301  002.186  002.126  000.000
07:11:18  381  002.412  002.375  002.300  002.185  002.125  000.000
07:11:20  382  002.411  002.374  002.299  002.184  002.125  000.000
07:11:22  383  002.409  002.373  002.298  002.183  002.123  000.000
07:11:24  384  002.408  002.372  002.297  002.182  002.122  000.000
07:11:26  385  002.408  002.370  002.296  002.181  002.122  000.000
07:11:28  386  002.406  002.370  002.295  002.179  002.121  000.000
07:11:30  387  002.405  002.369  002.294  002.179  002.120  000.000
07:11:32  388  002.405  002.367  002.293  002.178  002.119  000.000
07:11:34  389  002.403  002.367  002.292  002.177  002.118  000.000
07:11:36  390  002.402  002.365  002.291  002.176  002.117  000.000
07:11:38  391  002.402  002.365  002.291  002.175  002.117  000.000
07:11:40  392  002.401  002.364  002.289  002.174  002.116  000.000
07:11:42  393  002.400  002.362  002.288  002.173  002.115  000.000
07:11:44  394  002.398  002.361  002.287  002.172  002.114  000.000
07:11:46  395  002.398  002.361  002.286  002.171  002.113  000.000
07:11:48  396  002.397  002.359  002.285  002.170  002.113  000.000
07:11:50  397  002.396  002.359  002.285  002.169  002.111  000.000
07:11:52  398  002.395  002.358  002.284  002.169  002.111  000.000
07:11:54  399  002.394  002.357  002.283  002.167  002.110  000.000
07:11:56  400  002.393  002.356  002.282  002.167  002.110  000.000
07:11:58  401  002.393  002.356  002.282  002.167  002.109  000.000
07:12:00  402  002.392  002.355  002.280  002.165  002.108  000.000
07:12:02  403  002.390  002.354  002.280  002.164  002.107  000.000
07:12:04  404  002.390  002.353  002.279  002.164  002.107  000.000
07:12:06  405  002.389  002.352  002.278  002.163  002.106  000.000
07:12:08  406  002.388  002.351  002.277  002.162  002.105  000.000
07:12:10  407  002.387  002.350  002.277  002.161  002.105  000.000
07:12:12  408  002.387  002.350  002.276  002.160  002.104  000.000
07:12:14  409  002.386  002.348  002.275  002.160  002.103  000.000
07:12:16  410  002.385  002.348  002.274  002.159  002.102  000.000
07:12:18  411  002.384  002.347  002.274  002.158  002.102  000.000
07:12:20  412  002.384  002.347  002.273  002.157  002.101  000.000
07:12:22  413  002.383  002.345  002.272  002.157  002.101  000.000
07:12:24  414  002.382  002.345  002.271  002.156  002.100  000.000
07:12:26  415  002.381  002.344  002.271  002.155  002.099  000.000
07:12:28  416  002.381  002.344  002.270  002.155  002.099  000.000
07:12:30  417  002.380  002.343  002.269  002.154  002.098  000.000
07:12:32  418  002.380  002.342  002.269  002.153  002.098  000.000
07:12:34  419  002.379  002.342  002.268  002.152  002.097  000.000
07:12:36  420  002.378  002.341  002.268  002.152  002.097  000.000
07:12:38  421  002.378  002.340  002.267  002.151  002.096  000.000
07:12:40  422  002.376  002.339  002.266  002.150  002.096  000.000
07:12:42  423  002.376  002.339  002.265  002.150  002.095  000.000
07:12:44  424  002.375  002.338  002.265  002.149  002.095  000.000
07:12:46  425  002.375  002.337  002.264  002.149  002.093  000.000
07:12:48  426  002.374  002.337  002.263  002.148  002.093  000.000
07:12:50  427  002.373  002.336  002.263  002.147  002.093  000.000
07:12:52  428  002.373  002.336  002.262  002.147  002.092  000.000
07:12:54  429  002.372  002.335  002.262  002.146  002.092  000.000
07:12:56  430  002.372  002.334  002.262  002.146  002.091  000.000
07:12:58  431  002.371  002.334  002.260  002.145  002.091  000.000
07:13:00  432  002.370  002.333  002.260  002.144  002.090  000.000
07:13:02  433  002.370  002.333  002.259  002.144  002.090  000.000
07:13:04  434  002.369  002.332  002.259  002.143  002.089  000.000
07:13:06  435  002.369  002.331  002.259  002.143  002.089  000.000
07:13:08  436  002.368  002.331  002.258  002.142  002.089  000.000
07:13:10  437  002.368  002.330  002.257  002.142  002.088  000.000
07:13:12  438  002.367  002.330  002.257  002.141  002.087  000.000
07:13:14  439  002.367  002.330  002.256  002.141  002.087  000.000
07:13:16  440  002.366  002.329  002.256  002.140  002.086  000.000
07:13:18  441  002.365  002.328  002.255  002.140  002.086  000.000
07:13:20  442  002.365  002.328  002.254  002.139  002.086  000.000
07:13:22  443  002.364  002.327  002.254  002.138  002.085  000.000
07:13:24  444  002.364  002.327  002.254  002.138  002.084  000.000
07:13:26  445  002.364  002.326  002.253  002.137  002.084  000.000
07:13:28  446  002.363  002.326  002.253  002.137  002.084  000.000
07:13:30  447  002.362  002.325  002.252  002.137  002.083  000.000
07:13:32  448  002.362  002.324  002.251  002.136  002.083  000.000
07:13:34  449  002.362  002.324  002.251  002.135  002.083  000.000
07:13:36  450  002.361  002.324  002.251  002.135  002.082  000.000
07:13:38  451  002.361  002.323  002.250  002.134  002.081  000.000
07:13:40  452  002.359  002.322  002.250  002.134  002.081  000.000
07:13:42  453  002.359  002.322  002.250  002.134  002.081  000.000
07:13:44  454  002.359  002.322  002.249  002.133  002.081  000.000
07:13:46  455  002.359  002.321  002.248  002.132  002.080  000.000
07:13:48  456  002.358  002.320  002.248  002.132  002.080  000.000
07:13:50  457  002.358  002.320  002.247  002.132  002.079  000.000
07:13:52  458  002.357  002.320  002.247  002.131  002.078  000.000
07:13:54  459  002.356  002.319  002.246  002.131  002.078  000.000
07:13:56  460  002.356  002.319  002.246  002.130  002.078  000.000
07:13:58  461  002.356  002.318  002.246  002.130  002.078  000.000
07:14:00  462  002.355  002.318  002.245  002.129  002.077  000.000
07:14:02  463  002.355  002.317  002.245  002.129  002.077  000.000
07:14:04  464  002.355  002.317  002.244  002.129  002.077  000.000
07:14:06  465  002.353  002.317  002.244  002.128  002.076  000.000
07:14:08  466  002.353  002.316  002.243  002.128  002.076  000.000
07:14:10  467  002.353  002.316  002.243  002.128  002.075  000.000
07:14:12  468  002.353  002.315  002.243  002.128  002.076  000.000
07:14:14  469  002.352  002.315  002.242  002.126  002.075  000.000
07:14:16  470  002.352  002.314  002.242  002.126  002.074  000.000
07:14:18  471  002.351  002.314  002.242  002.126  002.074  000.000
07:14:20  472  002.351  002.314  002.241  002.125  002.074  000.000
07:14:22  473  002.351  002.313  002.240  002.125  002.074  000.000
07:14:24  474  002.350  002.313  002.240  002.125  002.073  000.000
07:14:26  475  002.350  002.313  002.240  002.124  002.072  000.000
07:14:28  476  002.350  002.312  002.240  002.124  002.072  000.000
07:14:30  477  002.349  002.311  002.239  002.123  002.072  000.000
07:14:32  478  002.349  002.311  002.239  002.123  002.072  000.000
07:14:34  479  002.348  002.311  002.239  002.123  002.072  000.000
07:14:36  480  002.348  002.311  002.238  002.122  002.071  000.000
07:14:38  481  002.347  002.310  002.238  002.122  002.071  000.000
07:14:40  482  002.347  002.310  002.237  002.122  002.071  000.000
07:14:42  483  002.347  002.310  002.237  002.121  002.070  000.000
07:14:44  484  002.347  002.309  002.237  002.121  002.070  000.000
07:14:46  485  002.347  002.309  002.236  002.120  002.069  000.000
07:14:48  486  002.346  002.308  002.236  002.120  002.069  000.000
07:14:50  487  002.345  002.308  002.236  002.120  002.069  000.000
07:14:52  488  002.345  002.308  002.236  002.120  002.069  000.000
07:14:54  489  002.345  002.307  002.235  002.119  002.068  000.000
07:14:56  490  002.345  002.307  002.234  002.119  002.068  000.000
07:14:58  491  002.344  002.306  002.234  002.119  002.068  000.000
07:15:00  492  002.344  002.306  002.234  002.118  002.068  000.000
07:15:02  493  002.343  002.306  002.234  002.118  002.067  000.000
07:15:04  494  002.344  002.306  002.233  002.117  002.067  000.000
07:15:06  495  002.343  002.305  002.233  002.117  002.066  000.000
07:15:08  496  002.342  002.305  002.233  002.117  002.066  000.000
07:15:10  497  002.342  002.305  002.232  002.116  002.066  000.000
07:15:12  498  002.342  002.304  002.232  002.116  002.066  000.000
07:15:14  499  002.342  002.304  002.232  002.116  002.065  000.000
07:15:16  500  002.341  002.303  002.231  002.116  002.065  000.000
07:15:18  501  002.341  002.303  002.231  002.115  002.065  000.000
07:15:20  502  002.341  002.303  002.231  002.115  002.065  000.000
07:15:22  503  002.341  002.302  002.230  002.115  002.065  000.000
07:15:24  504  002.340  002.302  002.230  002.114  002.064  000.000
07:15:26  505  002.340  002.302  002.230  002.114  002.063  000.000
07:15:28  506  002.339  002.302  002.230  002.114  002.063  000.000
07:15:30  507  002.339  002.302  002.229  002.113  002.063  000.000
07:15:32  508  002.339  002.301  002.229  002.113  002.063  000.000
07:15:34  509  002.339  002.300  002.228  002.113  002.063  000.000
07:15:36  510  002.337  002.300  002.228  002.113  002.063  000.000
07:15:38  511  002.338  002.300  002.228  002.112  002.062  000.000
07:15:40  512  002.337  002.300  002.228  002.111  002.062  000.000
07:15:42  513  002.337  002.300  002.228  002.111  002.062  000.000
07:15:44  514  002.337  002.299  002.227  002.111  002.060  000.000
07:15:46  515  002.337  002.299  002.223  002.112  002.062  000.000
07:15:48  516  002.336  002.298  002.220  002.110  002.063  000.000
07:15:50  517  002.339  002.304  002.226  002.109  002.053  000.000
07:15:52  518  002.358  002.324  002.233  002.106  002.038  000.000
07:15:54  519  002.380  002.329  002.214  002.096  002.023  000.000
07:15:56  520  002.381  002.314  002.190  002.078  002.009  000.000
07:15:58  521  002.353  002.279  002.155  002.052  001.992  000.000
07:16:00  522  002.302  002.232  002.116  002.024  001.977  000.000
07:16:02  523  002.253  002.193  002.087  002.002  001.967  000.000
07:16:04  524  002.190  002.147  002.056  001.978  001.958  000.000
07:16:06  525  002.134  002.105  002.027  001.958  001.949  000.000
07:16:08  526  002.083  002.069  002.004  001.940  001.943  000.000
07:16:10  527  002.049  002.044  001.987  001.929  001.937  000.000
07:16:12  528  002.012  002.017  001.970  001.917  001.933  000.000
07:16:14  529  001.981  001.994  001.956  001.907  001.929  000.000
07:16:16  530  001.960  001.978  001.946  001.901  001.927  000.000
