start of data file.
siteName: HF-751-12C
Probe serial Number: 0

Date    Meas#    T1(B)       T2       T3       T4    T5(T)        H
-------------------------------------------------------------------
03:13:22    1  001.809  001.859  001.877  001.851  001.900  000.000
03:13:24    2  001.809  001.859  001.877  001.851  001.900  000.000
03:13:26    3  001.809  001.859  001.877  001.851  001.900  000.000
03:13:28    4  001.809  001.859  001.877  001.851  001.900  000.000
03:13:30    5  001.809  001.859  001.877  001.851  001.900  000.000
03:13:32    6  001.809  001.859  001.877  001.851  001.900  000.000
03:13:34    7  001.809  001.859  001.877  001.851  001.900  000.000
03:13:36    8  001.809  001.859  001.877  001.851  001.900  000.000
03:13:38    9  001.809  001.859  001.877  001.851  001.900  000.000
03:13:40   10  001.809  001.859  001.877  001.851  001.900  000.000
03:13:42   11  001.809  001.859  001.877  001.851  001.900  000.000
03:13:44   12  001.809  001.859  001.877  001.851  001.900  000.000
03:13:46   13  001.809  001.859  001.877  001.850  001.899  000.000
03:13:48   14  001.809  001.859  001.877  001.851  001.898  000.000
03:13:50   15  001.809  001.859  001.877  001.851  001.899  000.000
03:13:52   16  001.809  001.859  001.878  001.852  001.903  000.000
03:13:54   17  001.809  001.858  001.883  001.855  001.912  000.000
03:13:56   18  001.810  001.862  001.883  001.857  001.916  000.000
03:13:58   19  001.810  001.870  001.882  001.857  001.913  000.000
03:14:00   20  001.811  001.875  001.881  001.856  001.911  000.000
03:14:02   21  001.811  001.877  001.879  001.854  001.906  000.000
03:14:04   22  001.812  001.877  001.878  001.853  001.903  000.000
03:14:06   23  001.812  001.876  001.876  001.852  001.900  000.000
03:14:08   24  001.812  001.874  001.876  001.852  001.900  000.000
03:14:10   25  001.812  001.874  001.875  001.850  001.896  000.000
03:14:12   26  001.812  001.873  001.874  001.848  001.891  000.000
03:14:14   27  001.812  001.872  001.874  001.846  001.889  000.000
03:14:16   28  001.812  001.871  001.875  001.849  001.894  000.000
03:14:18   29  001.812  001.870  001.877  001.851  001.899  000.000
03:14:20   30  001.812  001.868  001.877  001.852  001.899  000.000
03:14:22   31  001.812  001.867  001.875  001.849  001.894  000.000
03:14:24   32  001.812  001.867  001.876  001.849  001.896  000.000
03:14:26   33  001.812  001.865  001.876  001.850  001.897  000.000
03:14:28   34  001.812  001.864  001.877  001.850  001.899  000.000
03:14:30   35  001.812  001.864  001.878  001.851  001.901  000.000
03:14:32   36  001.812  001.863  001.878  001.852  001.902  000.000
03:14:34   37  001.811  001.862  001.877  001.851  001.900  000.000
03:14:36   38  001.811  001.862  001.877  001.851  001.900  000.000
03:14:38   39  001.811  001.861  001.878  001.852  001.903  000.000
03:14:40   40  001.811  001.861  001.877  001.851  001.900  000.000
03:14:42   41  001.810  001.861  001.877  001.851  001.899  000.000
03:14:44   42  001.810  001.861  001.877  001.851  001.900  000.000
03:14:46   43  001.812  001.861  001.877  001.851  001.900  000.000
03:14:48   44  001.815  001.860  001.877  001.851  001.900  000.000
03:14:50   45  001.817  001.860  001.877  001.852  001.900  000.000
03:14:52   46  001.818  001.860  001.877  001.852  001.900  000.000
03:14:54   47  001.819  001.860  001.878  001.852  001.900  000.000
03:14:56   48  001.819  001.860  001.878  001.852  001.900  000.000
03:14:58   49  001.819  001.860  001.878  001.852  001.901  000.000
03:15:00   50  001.819  001.860  001.878  001.852  001.901  000.000
03:15:02   51  001.818  001.860  001.878  001.852  001.901  000.000
03:15:04   52  001.817  001.860  001.878  001.852  001.901  000.000
03:15:06   53  001.817  001.860  001.878  001.852  001.901  000.000
03:15:08   54  001.816  001.860  001.878  001.852  001.901  000.000
03:15:10   55  001.816  001.860  001.878  001.852  001.901  000.000
03:15:12   56  001.816  001.860  001.878  001.852  001.901  000.000
03:15:14   57  001.816  001.861  001.878  001.852  001.901  000.000
03:15:16   58  001.815  001.860  001.878  001.852  001.901  000.000
03:15:18   59  001.815  001.860  001.878  001.851  001.901  000.000
03:15:20   60  001.815  001.860  001.878  001.852  001.901  000.000
03:15:22   61  001.814  001.860  001.878  001.852  001.902  000.000
03:15:24   62  001.814  001.860  001.879  001.852  001.902  000.000
03:15:26   63  001.815  001.860  001.878  001.851  001.901  000.000
03:15:28   64  001.814  001.860  001.879  001.852  001.902  000.000
03:15:30   65  001.815  001.860  001.878  001.852  001.902  000.000
03:15:32   66  001.814  001.860  001.879  001.852  001.902  000.000
03:15:34   67  001.814  001.860  001.878  001.852  001.902  000.000
03:15:36   68  001.814  001.860  001.878  001.852  001.902  000.000
03:15:38   69  001.814  001.860  001.878  001.852  001.902  000.000
03:15:40   70  001.814  001.860  001.879  001.852  001.902  000.000
03:15:42   71  001.814  001.861  001.879  001.852  001.902  000.000
03:15:44   72  001.814  001.860  001.879  001.852  001.902  000.000
03:15:46   73  001.814  001.860  001.878  001.852  001.902  000.000
03:15:48   74  001.814  001.860  001.878  001.852  001.902  000.000
03:15:50   75  001.814  001.861  001.878  001.852  001.902  000.000
03:15:52   76  001.813  001.861  001.879  001.852  001.902  000.000
03:15:54   77  001.814  001.860  001.879  001.852  001.902  000.000
03:15:56   78  001.813  001.860  001.878  001.852  001.902  000.000
03:15:58   79  001.813  001.860  001.879  001.852  001.901  000.000
03:16:00   80  001.813  001.860  001.878  001.852  001.902  000.000
03:16:02   81  001.813  001.861  001.879  001.852  001.902  000.000
03:16:04   82  001.813  001.860  001.878  001.852  001.902  000.000
03:16:06   83  001.813  001.861  001.879  001.852  001.902  000.000
03:16:08   84  001.813  001.860  001.879  001.852  001.902  000.000
03:16:10   85  001.813  001.860  001.879  001.852  001.902  000.000
03:16:12   86  001.813  001.860  001.879  001.852  001.902  000.000
03:16:14   87  001.813  001.861  001.879  001.852  001.902  000.000
03:16:16   88  001.813  001.860  001.879  001.852  001.902  000.000
03:16:18   89  001.813  001.860  001.879  001.852  001.902  000.000
03:16:20   90  001.813  001.861  001.879  001.852  001.902  000.000
03:16:22   91  001.817  001.860  001.880  001.853  001.902  000.000
03:16:24   92  001.842  001.874  001.896  001.854  001.902  000.000
03:16:26   93  001.878  001.907  001.914  001.855  001.904  000.000
03:16:28   94  001.934  001.946  001.926  001.854  001.904  000.000
03:16:30   95  001.983  001.978  001.934  001.855  001.904  000.000
03:16:32   96  002.014  001.998  001.939  001.855  001.903  000.000
03:16:34   97  002.042  002.017  001.943  001.854  001.903  000.000
03:16:36   98  002.063  002.033  001.946  001.855  001.903  000.000
03:16:38   99  002.076  002.044  001.949  001.855  001.903  000.000
03:16:40  100  002.084  002.050  001.950  001.855  001.903  000.000
03:16:42  101  002.088  002.054  001.950  001.855  001.902  000.000
03:16:44  102  002.091  002.059  001.952  001.856  001.902  000.000
03:16:46  103  002.092  002.061  001.951  001.855  001.901  000.000
03:16:48  104  002.092  002.063  001.950  001.854  001.900  000.000
03:16:50  105  002.091  002.063  001.950  001.854  001.900  000.000
03:16:52  106  002.089  002.063  001.950  001.854  001.900  000.000
03:16:54  107  002.086  002.062  001.950  001.854  001.901  000.000
03:16:56  108  002.083  002.061  001.952  001.856  001.902  000.000
03:16:58  109  002.080  002.060  001.947  001.856  001.902  000.000
03:17:00  110  002.078  002.063  001.947  001.855  001.902  000.000
03:17:02  111  002.077  002.063  001.949  001.854  001.902  000.000
03:17:04  112  002.076  002.063  001.950  001.855  001.902  000.000
03:17:06  113  002.075  002.063  001.952  001.855  001.902  000.000
03:17:08  114  002.072  002.061  001.954  001.855  001.902  000.000
03:17:10  115  002.070  002.060  001.956  001.857  001.902  000.000
03:17:12  116  002.067  002.059  001.958  001.859  001.903  000.000
03:17:14  117  002.064  002.057  001.957  001.859  001.903  000.000
03:17:16  118  002.062  002.056  001.958  001.858  001.903  000.000
03:17:18  119  002.060  002.056  001.958  001.857  001.903  000.000
03:17:20  120  002.058  002.055  001.958  001.857  001.902  000.000
03:17:22  121  002.057  002.054  001.959  001.857  001.902  000.000
03:17:24  122  002.054  002.053  001.959  001.857  001.902  000.000
03:17:26  123  002.052  002.051  001.959  001.857  001.902  000.000
03:17:28  124  002.050  002.050  001.959  001.857  001.902  000.000
03:17:30  125  002.048  002.048  001.959  001.858  001.902  000.000
03:17:32  126  002.045  002.046  001.958  001.858  001.902  000.000
03:17:34  127  002.043  002.044  001.958  001.858  001.902  000.000
03:17:36  128  002.041  002.042  001.958  001.858  001.902  000.000
03:17:38  129  002.039  002.041  001.958  001.858  001.902  000.000
03:17:40  130  002.036  002.039  001.957  001.858  001.902  000.000
03:17:42  131  002.035  002.038  001.956  001.857  001.902  000.000
03:17:44  132  002.033  002.036  001.956  001.857  001.902  000.000
03:17:46  133  002.030  002.035  001.956  001.857  001.902  000.000
03:17:48  134  002.029  002.033  001.955  001.857  001.902  000.000
03:17:50  135  002.027  002.032  001.955  001.857  001.902  000.000
03:17:52  136  002.026  002.030  001.955  001.857  001.902  000.000
03:17:54  137  002.023  002.029  001.954  001.857  001.902  000.000
03:17:56  138  002.022  002.028  001.954  001.857  001.902  000.000
03:17:58  139  002.020  002.026  001.953  001.857  001.902  000.000
03:18:00  140  002.019  002.026  001.953  001.857  001.902  000.000
03:18:02  141  002.017  002.025  001.953  001.857  001.902  000.000
03:18:04  142  002.016  002.024  001.953  001.857  001.902  000.000
03:18:06  143  002.014  002.022  001.952  001.857  001.902  000.000
03:18:08  144  002.014  002.022  001.952  001.857  001.902  000.000
03:18:10  145  002.012  002.021  001.952  001.857  001.902  000.000
03:18:12  146  002.011  002.020  001.951  001.857  001.902  000.000
03:18:14  147  002.010  002.018  001.950  001.857  001.902  000.000
03:18:16  148  002.009  002.018  001.950  001.857  001.902  000.000
03:18:18  149  002.007  002.016  001.950  001.856  001.902  000.000
03:18:20  150  002.007  002.016  001.950  001.857  001.902  000.000
03:18:22  151  002.006  002.015  001.950  001.857  001.902  000.000
03:18:24  152  002.005  002.014  001.949  001.857  001.902  000.000
03:18:26  153  002.002  002.013  001.949  001.856  001.902  000.000
03:18:28  154  002.002  002.013  001.949  001.856  001.902  000.000
03:18:30  155  002.001  002.012  001.948  001.856  001.902  000.000
03:18:32  156  002.001  002.012  001.948  001.857  001.902  000.000
03:18:34  157  001.999  002.011  001.948  001.857  001.902  000.000
03:18:36  158  001.999  002.011  001.948  001.857  001.902  000.000
03:18:38  159  001.999  002.009  001.947  001.856  001.902  000.000
03:18:40  160  001.997  002.009  001.947  001.857  001.902  000.000
03:18:42  161  001.997  002.008  001.947  001.857  001.902  000.000
03:18:44  162  001.996  002.007  001.946  001.856  001.902  000.000
03:18:46  163  001.995  002.007  001.946  001.855  001.902  000.000
03:18:48  164  001.994  002.006  001.946  001.855  001.902  000.000
03:18:50  165  001.993  002.005  001.946  001.855  001.902  000.000
03:18:52  166  001.993  002.005  001.946  001.855  001.902  000.000
03:18:54  167  001.993  002.005  001.946  001.856  001.902  000.000
03:18:56  168  001.992  002.004  001.945  001.855  001.902  000.000
03:18:58  169  001.992  002.004  001.946  001.856  001.902  000.000
03:19:00  170  001.990  002.003  001.945  001.855  001.902  000.000
03:19:02  171  001.990  002.002  001.945  001.855  001.902  000.000
03:19:04  172  001.990  002.002  001.945  001.856  001.902  000.000
03:19:06  173  001.989  002.002  001.944  001.855  001.902  000.000
03:19:08  174  001.989  002.002  001.944  001.856  001.902  000.000
03:19:10  175  001.988  002.001  001.944  001.856  001.902  000.000
03:19:12  176  001.987  002.000  001.944  001.856  001.902  000.000
03:19:14  177  001.987  002.000  001.944  001.856  001.902  000.000
03:19:16  178  001.986  002.000  001.944  001.855  001.902  000.000
03:19:18  179  001.986  001.999  001.943  001.855  001.902  000.000
03:19:20  180  001.986  001.999  001.943  001.856  001.902  000.000
03:19:22  181  001.985  001.999  001.943  001.856  001.902  000.000
03:19:24  182  001.984  001.998  001.943  001.856  001.902  000.000
03:19:26  183  001.983  001.998  001.943  001.855  001.902  000.000
03:19:28  184  001.984  001.997  001.943  001.856  001.902  000.000
03:19:30  185  001.983  001.997  001.943  001.855  001.902  000.000
03:19:32  186  001.982  001.997  001.943  001.856  001.902  000.000
03:19:34  187  001.981  001.996  001.942  001.855  001.902  000.000
03:19:36  188  001.982  001.996  001.943  001.856  001.902  000.000
03:19:38  189  001.981  001.996  001.942  001.855  001.902  000.000
03:19:40  190  001.980  001.995  001.942  001.855  001.902  000.000
03:19:42  191  001.980  001.995  001.941  001.855  001.902  000.000
03:19:44  192  001.980  001.994  001.941  001.856  001.902  000.000
03:19:46  193  001.980  001.994  001.941  001.855  001.902  000.000
03:19:48  194  001.980  001.994  001.941  001.855  001.902  000.000
03:19:50  195  001.979  001.993  001.941  001.855  001.902  000.000
03:19:52  196  001.978  001.993  001.941  001.855  001.902  000.000
03:19:54  197  001.978  001.993  001.941  001.855  001.902  000.000
03:19:56  198  001.978  001.993  001.941  001.855  001.902  000.000
03:19:58  199  001.977  001.993  001.941  001.855  001.902  000.000
03:20:00  200  001.977  001.992  001.940  001.855  001.902  000.000
03:20:02  201  001.977  001.992  001.940  001.855  001.902  000.000
03:20:04  202  001.976  001.991  001.940  001.855  001.902  000.000
03:20:06  203  001.977  001.992  001.940  001.855  001.902  000.000
03:20:08  204  001.976  001.990  001.940  001.855  001.902  000.000
03:20:10  205  001.975  001.991  001.940  001.855  001.902  000.000
03:20:12  206  001.975  001.990  001.940  001.855  001.902  000.000
03:20:14  207  001.974  001.990  001.939  001.855  001.902  000.000
03:20:16  208  001.975  001.990  001.940  001.855  001.902  000.000
03:20:18  209  001.974  001.990  001.940  001.855  001.902  000.000
03:20:20  210  001.974  001.989  001.940  001.855  001.902  000.000
03:20:22  211  001.974  001.989  001.940  001.855  001.902  000.000
03:20:24  212  001.974  001.989  001.939  001.855  001.902  000.000
03:20:26  213  001.973  001.989  001.939  001.855  001.902  000.000
03:20:28  214  001.973  001.989  001.939  001.855  001.902  000.000
03:20:30  215  001.972  001.988  001.939  001.855  001.902  000.000
03:20:32  216  001.972  001.988  001.939  001.855  001.902  000.000
03:20:34  217  001.972  001.987  001.938  001.855  001.902  000.000
03:20:36  218  001.972  001.987  001.939  001.855  001.902  000.000
03:20:38  219  001.971  001.987  001.938  001.855  001.902  000.000
03:20:40  220  001.971  001.987  001.938  001.855  001.902  000.000
03:20:42  221  001.971  001.987  001.938  001.855  001.902  000.000
03:20:44  222  001.971  001.986  001.938  001.855  001.902  000.000
03:20:46  223  001.970  001.986  001.937  001.855  001.902  000.000
03:20:48  224  001.971  001.986  001.938  001.855  001.902  000.000
03:20:50  225  001.970  001.986  001.938  001.855  001.902  000.000
03:20:52  226  001.970  001.986  001.938  001.855  001.902  000.000
03:20:54  227  001.969  001.986  001.938  001.855  001.902  000.000
03:20:56  228  001.969  001.986  001.938  001.855  001.902  000.000
03:20:58  229  001.969  001.985  001.938  001.855  001.902  000.000
03:21:00  230  001.969  001.985  001.938  001.855  001.902  000.000
03:21:02  231  001.969  001.985  001.937  001.855  001.902  000.000
03:21:04  232  001.969  001.984  001.937  001.855  001.902  000.000
03:21:06  233  001.968  001.984  001.937  001.855  001.902  000.000
03:21:08  234  001.968  001.984  001.937  001.855  001.902  000.000
03:21:10  235  001.968  001.984  001.937  001.854  001.902  000.000
03:21:12  236  001.967  001.983  001.937  001.854  001.902  000.000
03:21:14  237  001.968  001.984  001.937  001.855  001.902  000.000
03:21:16  238  001.968  001.983  001.937  001.855  001.902  000.000
03:21:18  239  001.967  001.983  001.936  001.855  001.902  000.000
03:21:20  240  001.967  001.983  001.937  001.855  001.902  000.000
03:21:22  241  001.967  001.983  001.936  001.855  001.902  000.000
03:21:24  242  001.966  001.983  001.937  001.855  001.902  000.000
03:21:26  243  001.966  001.982  001.936  001.854  001.902  000.000
03:21:28  244  001.966  001.983  001.936  001.855  001.902  000.000
03:21:30  245  001.966  001.982  001.936  001.855  001.902  000.000
03:21:32  246  001.966  001.982  001.936  001.855  001.902  000.000
03:21:34  247  001.966  001.982  001.936  001.855  001.902  000.000
03:21:36  248  001.965  001.982  001.936  001.855  001.902  000.000
03:21:38  249  001.965  001.981  001.936  001.854  001.902  000.000
03:21:40  250  001.965  001.981  001.936  001.855  001.902  000.000
03:21:42  251  001.965  001.981  001.935  001.855  001.902  000.000
03:21:44  252  001.969  002.014  001.944  001.859  001.914  020.000
03:21:46  253  002.168  002.586  002.152  002.039  002.350  020.000
03:21:48  254  002.547  003.297  002.474  002.396  002.942  020.000
03:21:50  255  003.152  004.207  002.947  002.969  003.675  020.000
03:21:52  256  003.785  005.037  003.425  003.561  004.315  020.000
03:21:54  257  004.209  005.624  003.786  004.005  004.756  020.000
03:21:56  258  004.820  006.267  004.199  004.504  005.233  020.000
03:21:58  259  005.310  006.822  004.569  004.941  005.640  020.000
03:22:00  260  005.743  007.301  004.898  005.322  005.993  020.000
03:22:02  261  006.051  007.637  005.134  005.590  006.242  020.000
03:22:04  262  006.388  007.977  005.391  005.882  006.505  000.000
03:22:06  263  006.496  007.751  005.430  005.964  006.320  000.000
03:22:08  264  006.349  007.300  005.287  005.798  005.923  000.000
03:22:10  265  006.001  006.665  005.007  005.436  005.391  000.000
03:22:12  266  005.589  006.060  004.700  005.030  004.921  000.000
03:22:14  267  005.262  005.626  004.463  004.721  004.603  000.000
03:22:16  268  004.881  005.153  004.190  004.373  004.270  000.000
03:22:18  269  004.544  004.750  003.949  004.072  003.997  000.000
03:22:20  270  004.306  004.474  003.778  003.863  003.813  000.000
03:22:22  271  004.045  004.178  003.589  003.636  003.617  000.000
03:22:24  272  003.821  003.928  003.427  003.444  003.454  000.000
03:22:26  273  003.629  003.716  003.452  003.310  003.340  000.000
03:22:28  274  003.495  003.570  003.189  003.165  003.218  000.000
03:22:30  275  003.349  003.412  003.082  003.040  003.112  000.000
03:22:32  276  003.225  003.278  002.988  002.933  003.020  000.000
03:22:34  277  003.137  003.184  002.923  002.858  002.955  000.000
03:22:36  278  003.042  003.082  002.851  002.776  002.884  000.000
03:22:38  279  002.958  002.993  002.787  002.704  002.821  000.000
03:22:40  280  002.900  002.931  002.743  002.652  002.776  000.000
03:22:42  281  002.835  002.863  002.693  002.595  002.726  000.000
03:22:44  282  002.778  002.804  002.650  002.546  002.681  000.000
03:22:46  283  002.738  002.762  002.617  002.510  002.648  000.000
03:22:48  284  002.692  002.715  002.582  002.470  002.610  000.000
03:22:50  285  002.652  002.674  002.550  002.434  002.576  000.000
03:22:52  286  002.616  002.643  002.528  002.409  002.550  000.000
03:22:54  287  002.590  002.610  002.501  002.379  002.521  000.000
03:22:56  288  002.562  002.580  002.478  002.354  002.494  000.000
03:22:58  289  002.535  002.554  002.457  002.330  002.468  000.000
03:23:00  290  002.515  002.533  002.440  002.312  002.449  000.000
03:23:02  291  002.493  002.511  002.422  002.292  002.427  000.000
03:23:04  292  002.473  002.490  002.405  002.274  002.406  000.000
03:23:06  293  002.458  002.475  002.393  002.261  002.391  000.000
03:23:08  294  002.440  002.458  002.378  002.245  002.372  000.000
03:23:10  295  002.425  002.442  002.365  002.232  002.356  000.000
03:23:12  296  002.412  002.429  002.354  002.221  002.342  000.000
03:23:14  297  002.398  002.415  002.343  002.208  002.326  000.000
03:23:16  298  002.385  002.403  002.331  002.197  002.312  000.000
03:23:18  299  002.376  002.393  002.323  002.188  002.301  000.000
03:23:20  300  002.365  002.382  002.313  002.179  002.288  000.000
03:23:22  301  002.354  002.371  002.303  002.169  002.275  000.000
03:23:24  302  002.343  002.361  002.295  002.162  002.265  000.000
03:23:26  303  002.336  002.353  002.288  002.153  002.254  000.000
03:23:28  304  002.327  002.344  002.280  002.146  002.243  000.000
03:23:30  305  002.319  002.336  002.272  002.138  002.232  000.000
03:23:32  306  002.312  002.329  002.266  002.133  002.225  000.000
03:23:34  307  002.304  002.321  002.260  002.126  002.214  000.000
03:23:36  308  002.297  002.314  002.253  002.120  002.206  000.000
03:23:38  309  002.291  002.308  002.248  002.115  002.199  000.000
03:23:40  310  002.284  002.301  002.242  002.109  002.190  000.000
03:23:42  311  002.278  002.294  002.235  002.103  002.182  000.000
03:23:44  312  002.272  002.289  002.231  002.099  002.176  000.000
03:23:46  313  002.266  002.283  002.225  002.094  002.168  000.000
03:23:48  314  002.260  002.278  002.220  002.090  002.161  000.000
03:23:50  315  002.255  002.273  002.216  002.086  002.155  000.000
03:23:52  316  002.251  002.268  002.211  002.081  002.149  000.000
03:23:54  317  002.246  002.263  002.206  002.077  002.142  000.000
03:23:56  318  002.240  002.258  002.201  002.073  002.137  000.000
03:23:58  319  002.237  002.254  002.198  002.070  002.131  000.000
03:24:00  320  002.232  002.249  002.194  002.066  002.125  000.000
03:24:02  321  002.228  002.245  002.190  002.062  002.119  000.000
03:24:04  322  002.224  002.242  002.187  002.059  002.115  000.000
03:24:06  323  002.220  002.237  002.182  002.055  002.109  000.000
03:24:08  324  002.216  002.233  002.179  002.052  002.105  000.000
03:24:10  325  002.212  002.229  002.176  002.050  002.101  000.000
03:24:12  326  002.209  002.226  002.172  002.047  002.096  000.000
03:24:14  327  002.205  002.222  002.169  002.043  002.091  000.000
03:24:16  328  002.202  002.219  002.166  002.041  002.088  000.000
03:24:18  329  002.199  002.216  002.163  002.038  002.084  000.000
03:24:20  330  002.195  002.212  002.159  002.035  002.079  000.000
03:24:22  331  002.191  002.209  002.156  002.033  002.076  000.000
03:24:24  332  002.190  002.206  002.154  002.030  002.072  000.000
03:24:26  333  002.186  002.203  002.151  002.027  002.069  000.000
03:24:28  334  002.183  002.200  002.148  002.025  002.065  000.000
03:24:30  335  002.181  002.197  002.146  002.023  002.063  000.000
03:24:32  336  002.177  002.195  002.143  002.021  002.059  000.000
03:24:34  337  002.175  002.192  002.141  002.018  002.055  000.000
03:24:36  338  002.173  002.190  002.138  002.017  002.053  000.000
03:24:38  339  002.170  002.187  002.136  002.014  002.050  000.000
03:24:40  340  002.167  002.184  002.134  002.012  002.047  000.000
03:24:42  341  002.165  002.182  002.131  002.010  002.045  000.000
03:24:44  342  002.162  002.180  002.129  002.008  002.042  000.000
03:24:46  343  002.160  002.177  002.127  002.006  002.039  000.000
03:24:48  344  002.157  002.175  002.125  002.005  002.037  000.000
03:24:50  345  002.156  002.173  002.122  002.002  002.035  000.000
03:24:52  346  002.153  002.171  002.120  002.000  002.032  000.000
03:24:54  347  002.151  002.168  002.118  001.999  002.030  000.000
03:24:56  348  002.149  002.167  002.117  001.997  002.027  000.000
03:24:58  349  002.147  002.164  002.114  001.996  002.025  000.000
03:25:00  350  002.145  002.162  002.112  001.994  002.023  000.000
03:25:02  351  002.143  002.161  002.111  001.993  002.021  000.000
03:25:04  352  002.141  002.159  002.109  001.991  002.019  000.000
03:25:06  353  002.139  002.156  002.107  001.989  002.017  000.000
03:25:08  354  002.138  002.155  002.106  001.988  002.015  000.000
03:25:10  355  002.136  002.153  002.103  001.986  002.013  000.000
03:25:12  356  002.134  002.151  002.102  001.985  002.011  000.000
03:25:14  357  002.132  002.149  002.100  001.983  002.009  000.000
03:25:16  358  002.131  002.148  002.099  001.982  002.008  000.000
03:25:18  359  002.129  002.146  002.097  001.980  002.006  000.000
03:25:20  360  002.126  002.144  002.096  001.980  002.005  000.000
03:25:22  361  002.126  002.143  002.094  001.978  002.003  000.000
03:25:24  362  002.124  002.141  002.093  001.977  002.001  000.000
03:25:26  363  002.122  002.140  002.091  001.975  001.999  000.000
03:25:28  364  002.121  002.138  002.090  001.974  001.998  000.000
03:25:30  365  002.120  002.137  002.088  001.973  001.997  000.000
03:25:32  366  002.118  002.135  002.087  001.972  001.995  000.000
03:25:34  367  002.117  002.134  002.085  001.971  001.994  000.000
03:25:36  368  002.115  002.132  002.084  001.969  001.993  000.000
03:25:38  369  002.114  002.131  002.083  001.968  001.991  000.000
03:25:40  370  002.112  002.129  002.082  001.968  001.990  000.000
03:25:42  371  002.111  002.128  002.080  001.966  001.989  000.000
03:25:44  372  002.109  002.126  002.079  001.965  001.987  000.000
03:25:46  373  002.108  002.125  002.078  001.964  001.986  000.000
03:25:48  374  002.107  002.124  002.076  001.963  001.985  000.000
03:25:50  375  002.106  002.123  002.075  001.962  001.984  000.000
03:25:52  376  002.104  002.121  002.073  001.961  001.983  000.000
03:25:54  377  002.103  002.120  002.073  001.960  001.982  000.000
03:25:56  378  002.102  002.119  002.072  001.959  001.981  000.000
03:25:58  379  002.101  002.118  002.070  001.958  001.980  000.000
03:26:00  380  002.100  002.117  002.069  001.957  001.978  000.000
03:26:02  381  002.099  002.115  002.069  001.956  001.978  000.000
03:26:04  382  002.097  002.114  002.067  001.955  001.977  000.000
03:26:06  383  002.096  002.113  002.066  001.954  001.975  000.000
03:26:08  384  002.095  002.112  002.065  001.954  001.975  000.000
03:26:10  385  002.094  002.111  002.064  001.953  001.974  000.000
03:26:12  386  002.093  002.110  002.063  001.952  001.973  000.000
03:26:14  387  002.092  002.109  002.062  001.951  001.972  000.000
03:26:16  388  002.091  002.108  002.061  001.950  001.971  000.000
03:26:18  389  002.089  002.106  002.060  001.950  001.971  000.000
03:26:20  390  002.089  002.106  002.059  001.949  001.969  000.000
03:26:22  391  002.088  002.105  002.058  001.948  001.969  000.000
03:26:24  392  002.087  002.104  002.057  001.947  001.968  000.000
03:26:26  393  002.085  002.103  002.057  001.946  001.967  000.000
03:26:28  394  002.085  002.102  002.055  001.946  001.966  000.000
03:26:30  395  002.084  002.100  002.054  001.945  001.965  000.000
03:26:32  396  002.083  002.100  002.054  001.944  001.965  000.000
03:26:34  397  002.082  002.099  002.053  001.943  001.964  000.000
03:26:36  398  002.081  002.098  002.052  001.943  001.963  000.000
03:26:38  399  002.080  002.097  002.051  001.942  001.963  000.000
03:26:40  400  002.079  002.096  002.050  001.941  001.962  000.000
03:26:42  401  002.078  002.095  002.050  001.940  001.961  000.000
03:26:44  402  002.078  002.094  002.048  001.940  001.960  000.000
03:26:46  403  002.076  002.093  002.048  001.939  001.960  000.000
03:26:48  404  002.076  002.093  002.047  001.938  001.959  000.000
03:26:50  405  002.075  002.091  002.046  001.938  001.959  000.000
03:26:52  406  002.074  002.091  002.046  001.937  001.958  000.000
03:26:54  407  002.073  002.090  002.045  001.937  001.958  000.000
03:26:56  408  002.072  002.089  002.044  001.935  001.957  000.000
03:26:58  409  002.072  002.088  002.043  001.935  001.956  000.000
03:27:00  410  002.071  002.088  002.042  001.935  001.956  000.000
03:27:02  411  002.070  002.086  002.042  001.934  001.955  000.000
03:27:04  412  002.069  002.087  002.041  001.934  001.955  000.000
03:27:06  413  002.069  002.085  002.040  001.933  001.954  000.000
03:27:08  414  002.067  002.085  002.039  001.933  001.953  000.000
03:27:10  415  002.067  002.084  002.039  001.932  001.953  000.000
03:27:12  416  002.066  002.083  002.038  001.931  001.952  000.000
03:27:14  417  002.066  002.082  002.037  001.931  001.952  000.000
03:27:16  418  002.064  002.082  002.037  001.930  001.952  000.000
03:27:18  419  002.064  002.081  002.036  001.930  001.951  000.000
03:27:20  420  002.064  002.080  002.035  001.929  001.950  000.000
03:27:22  421  002.063  002.080  002.035  001.928  001.950  000.000
03:27:24  422  002.062  002.079  002.035  001.928  001.950  000.000
03:27:26  423  002.061  002.078  002.033  001.927  001.949  000.000
03:27:28  424  002.061  002.078  002.033  001.927  001.949  000.000
03:27:30  425  002.060  002.077  002.032  001.927  001.948  000.000
03:27:32  426  002.060  002.076  002.032  001.926  001.948  000.000
03:27:34  427  002.059  002.075  002.031  001.925  001.947  000.000
03:27:36  428  002.058  002.075  002.030  001.925  001.947  000.000
03:27:38  429  002.058  002.074  002.030  001.924  001.946  000.000
03:27:40  430  002.057  002.073  002.029  001.924  001.946  000.000
03:27:42  431  002.057  002.073  002.029  001.924  001.946  000.000
03:27:44  432  002.055  002.072  002.028  001.923  001.945  000.000
03:27:46  433  002.055  002.072  002.027  001.922  001.945  000.000
03:27:48  434  002.054  002.071  002.026  001.922  001.944  000.000
03:27:50  435  002.054  002.070  002.026  001.922  001.944  000.000
03:27:52  436  002.053  002.070  002.026  001.921  001.944  000.000
03:27:54  437  002.052  002.069  002.025  001.921  001.943  000.000
03:27:56  438  002.052  002.069  002.025  001.921  001.943  000.000
03:27:58  439  002.051  002.068  002.024  001.920  001.943  000.000
03:28:00  440  002.051  002.067  002.023  001.919  001.942  000.000
03:28:02  441  002.051  002.067  002.023  001.919  001.942  000.000
03:28:04  442  002.050  002.067  002.023  001.919  001.942  000.000
03:28:06  443  002.050  002.066  002.022  001.918  001.941  000.000
03:28:08  444  002.049  002.066  002.022  001.918  001.941  000.000
03:28:10  445  002.048  002.065  002.021  001.918  001.941  000.000
03:28:12  446  002.048  002.064  002.020  001.917  001.940  000.000
03:28:14  447  002.047  002.064  002.020  001.916  001.940  000.000
03:28:16  448  002.047  002.063  002.020  001.916  001.940  000.000
03:28:18  449  002.047  002.063  002.019  001.916  001.940  000.000
03:28:20  450  002.045  002.062  002.018  001.915  001.939  000.000
03:28:22  451  002.045  002.061  002.018  001.915  001.938  000.000
03:28:24  452  002.045  002.061  002.017  001.915  001.938  000.000
03:28:26  453  002.044  002.061  002.017  001.915  001.938  000.000
03:28:28  454  002.044  002.060  002.017  001.914  001.938  000.000
03:28:30  455  002.044  002.060  002.016  001.913  001.937  000.000
03:28:32  456  002.043  002.059  002.016  001.913  001.937  000.000
03:28:34  457  002.042  002.058  002.015  001.913  001.937  000.000
03:28:36  458  002.042  002.058  002.015  001.913  001.937  000.000
03:28:38  459  002.041  002.058  002.014  001.912  001.937  000.000
03:28:40  460  002.041  002.057  002.014  001.912  001.936  000.000
03:28:42  461  002.041  002.057  002.014  001.912  001.936  000.000
03:28:44  462  002.039  002.056  002.013  001.911  001.936  000.000
03:28:46  463  002.039  002.056  002.012  001.911  001.935  000.000
03:28:48  464  002.039  002.055  002.012  001.911  001.935  000.000
03:28:50  465  002.039  002.055  002.012  001.911  001.935  000.000
03:28:52  466  002.038  002.054  002.011  001.910  001.935  000.000
03:28:54  467  002.038  002.054  002.011  001.910  001.934  000.000
03:28:56  468  002.037  002.054  002.011  001.909  001.934  000.000
03:28:58  469  002.037  002.053  002.010  001.909  001.934  000.000
03:29:00  470  002.036  002.052  002.009  001.909  001.934  000.000
03:29:02  471  002.036  002.052  002.009  001.908  001.934  000.000
03:29:04  472  002.035  002.052  002.009  001.908  001.933  000.000
03:29:06  473  002.035  002.051  002.008  001.908  001.933  000.000
03:29:08  474  002.035  002.051  002.008  001.908  001.933  000.000
03:29:10  475  002.035  002.051  002.008  001.907  001.933  000.000
03:29:12  476  002.033  002.050  002.007  001.907  001.933  000.000
03:29:14  477  002.033  002.050  002.007  001.906  001.933  000.000
03:29:16  478  002.033  002.050  002.006  001.906  001.932  000.000
03:29:18  479  002.033  002.049  002.006  001.906  001.932  000.000
03:29:20  480  002.032  002.049  002.006  001.906  001.931  000.000
03:29:22  481  002.032  002.048  002.005  001.905  001.931  000.000
03:29:24  482  002.032  002.048  002.005  001.905  001.931  000.000
03:29:26  483  002.031  002.047  002.005  001.905  001.931  000.000
03:29:28  484  002.031  002.047  002.004  001.905  001.931  000.000
03:29:30  485  002.030  002.047  002.004  001.904  001.931  000.000
03:29:32  486  002.030  002.047  002.003  001.904  001.931  000.000
03:29:34  487  002.030  002.046  002.003  001.904  001.930  000.000
03:29:36  488  002.029  002.045  002.003  001.903  001.930  000.000
03:29:38  489  002.029  002.045  002.003  001.903  001.930  000.000
03:29:40  490  002.029  002.045  002.002  001.903  001.930  000.000
03:29:42  491  002.028  002.045  002.002  001.903  001.930  000.000
03:29:44  492  002.027  002.044  002.001  001.902  001.930  000.000
03:29:46  493  002.027  002.044  002.001  001.902  001.930  000.000
03:29:48  494  002.027  002.043  002.000  001.902  001.929  000.000
03:29:50  495  002.027  002.043  002.000  001.902  001.929  000.000
03:29:52  496  002.026  002.043  002.000  001.902  001.929  000.000
03:29:54  497  002.026  002.042  002.000  001.901  001.929  000.000
