start of data file.
siteName: HF-751-08
Probe serial Number: 0

Date    Meas#    T1(B)       T2       T3       T4    T5(T)        H
-------------------------------------------------------------------
11:45:44    1  001.822  001.872  001.888  001.864  001.914  000.000
11:45:46    2  001.822  001.872  001.888  001.864  001.914  000.000
11:45:48    3  001.822  001.872  001.888  001.864  001.914  000.000
11:45:50    4  001.822  001.872  001.888  001.864  001.914  000.000
11:45:52    5  001.822  001.872  001.888  001.865  001.914  000.000
11:45:54    6  001.822  001.872  001.888  001.865  001.913  000.000
11:45:56    7  001.822  001.872  001.889  001.866  001.913  000.000
11:45:58    8  001.822  001.872  001.889  001.866  001.913  000.000
11:46:00    9  001.822  001.872  001.888  001.866  001.913  000.000
11:46:02   10  001.822  001.872  001.889  001.866  001.913  000.000
11:46:04   11  001.822  001.872  001.888  001.866  001.912  000.000
11:46:06   12  001.822  001.871  001.888  001.866  001.912  000.000
11:46:08   13  001.822  001.871  001.888  001.865  001.911  000.000
11:46:10   14  001.822  001.871  001.888  001.865  001.912  000.000
11:46:12   15  001.822  001.870  001.887  001.864  001.911  000.000
11:46:14   16  001.821  001.870  001.887  001.863  001.911  000.000
11:46:16   17  001.821  001.870  001.888  001.863  001.911  000.000
11:46:18   18  001.821  001.870  001.887  001.863  001.911  000.000
11:46:20   19  001.822  001.870  001.887  001.863  001.911  000.000
11:46:22   20  001.822  001.870  001.887  001.862  001.911  000.000
11:46:24   21  001.823  001.869  001.886  001.862  001.911  000.000
11:46:26   22  001.823  001.869  001.886  001.862  001.911  000.000
11:46:28   23  001.824  001.869  001.886  001.862  001.911  000.000
11:46:30   24  001.824  001.869  001.886  001.862  001.911  000.000
11:46:32   25  001.824  001.869  001.886  001.862  001.911  000.000
11:46:34   26  001.824  001.869  001.886  001.862  001.911  000.000
11:46:36   27  001.824  001.869  001.886  001.862  001.911  000.000
11:46:38   28  001.824  001.869  001.886  001.862  001.910  000.000
11:46:40   29  001.824  001.868  001.886  001.862  001.910  000.000
11:46:42   30  001.824  001.868  001.886  001.862  001.911  000.000
11:46:44   31  001.824  001.868  001.886  001.862  001.911  000.000
11:46:46   32  001.824  001.869  001.886  001.862  001.911  000.000
11:46:48   33  001.824  001.869  001.886  001.862  001.911  000.000
11:46:50   34  001.824  001.868  001.886  001.861  001.909  000.000
11:46:52   35  001.823  001.868  001.886  001.862  001.911  000.000
11:46:54   36  001.824  001.868  001.886  001.862  001.912  000.000
11:46:56   37  001.824  001.868  001.886  001.862  001.912  000.000
11:46:58   38  001.824  001.868  001.886  001.862  001.912  000.000
11:47:00   39  001.824  001.868  001.886  001.862  001.912  000.000
11:47:02   40  001.824  001.868  001.886  001.862  001.911  000.000
11:47:04   41  001.824  001.868  001.886  001.862  001.911  000.000
11:47:06   42  001.824  001.868  001.886  001.862  001.911  000.000
11:47:08   43  001.824  001.868  001.886  001.862  001.911  000.000
11:47:10   44  001.824  001.868  001.886  001.862  001.911  000.000
11:47:12   45  001.824  001.869  001.887  001.862  001.912  000.000
11:47:14   46  001.824  001.869  001.886  001.862  001.911  000.000
11:47:16   47  001.824  001.869  001.886  001.862  001.911  000.000
11:47:18   48  001.824  001.869  001.886  001.862  001.911  000.000
11:47:20   49  001.824  001.868  001.886  001.862  001.911  000.000
11:47:22   50  001.824  001.869  001.886  001.862  001.911  000.000
11:47:24   51  001.824  001.869  001.886  001.862  001.911  000.000
11:47:26   52  001.824  001.868  001.886  001.862  001.911  000.000
11:47:28   53  001.824  001.868  001.886  001.862  001.911  000.000
11:47:30   54  001.824  001.869  001.886  001.862  001.911  000.000
11:47:32   55  001.824  001.869  001.886  001.862  001.911  000.000
11:47:34   56  001.824  001.868  001.886  001.862  001.911  000.000
11:47:36   57  001.824  001.868  001.886  001.863  001.913  000.000
11:47:38   58  001.824  001.869  001.886  001.863  001.913  000.000
11:47:40   59  001.827  001.869  001.887  001.863  001.912  000.000
11:47:42   60  001.847  001.872  001.886  001.863  001.912  000.000
11:47:44   61  001.872  001.876  001.886  001.863  001.912  000.000
11:47:46   62  001.900  001.881  001.886  001.863  001.913  000.000
11:47:48   63  001.925  001.891  001.893  001.863  001.913  000.000
11:47:50   64  001.948  001.905  001.906  001.863  001.913  000.000
11:47:52   65  001.965  001.926  001.912  001.863  001.912  000.000
11:47:54   66  001.982  001.944  001.915  001.863  001.911  000.000
11:47:56   67  001.992  001.958  001.916  001.862  001.911  000.000
11:47:58   68  001.998  001.967  001.917  001.862  001.911  000.000
11:48:00   69  002.001  001.974  001.917  001.862  001.911  000.000
11:48:02   70  002.001  001.979  001.917  001.862  001.911  000.000
11:48:04   71  002.000  001.982  001.917  001.863  001.910  000.000
11:48:06   72  002.000  001.995  001.914  001.870  001.909  000.000
11:48:08   73  002.004  002.015  001.920  001.870  001.911  000.000
11:48:10   74  002.012  002.035  001.948  001.869  001.960  000.000
11:48:12   75  002.028  002.065  001.999  001.877  001.982  000.000
11:48:14   76  002.044  002.090  002.039  001.892  001.975  000.000
11:48:16   77  002.054  002.105  002.063  001.904  001.970  000.000
11:48:18   78  002.061  002.119  002.086  001.919  001.968  000.000
11:48:20   79  002.063  002.126  002.100  001.932  001.968  000.000
11:48:22   80  002.061  002.130  002.117  001.946  001.969  000.000
11:48:24   81  002.062  002.135  002.130  001.966  001.971  000.000
11:48:26   82  002.067  002.141  002.140  001.986  001.973  000.000
11:48:28   83  002.071  002.144  002.145  002.002  001.973  000.000
11:48:30   84  002.071  002.144  002.147  002.013  001.974  000.000
11:48:32   85  002.069  002.141  002.146  002.023  001.976  000.000
11:48:34   86  002.066  002.138  002.144  002.029  001.976  000.000
11:48:36   87  002.062  002.134  002.141  002.032  001.976  000.000
11:48:38   88  002.056  002.127  002.137  002.034  001.975  000.000
11:48:40   89  002.049  002.121  002.131  002.035  001.974  000.000
11:48:42   90  002.044  002.116  002.127  002.035  001.974  000.000
11:48:44   91  002.037  002.108  002.122  002.034  001.973  000.000
11:48:46   92  002.031  002.102  002.116  002.031  001.972  000.000
11:48:48   93  002.023  002.096  002.111  002.030  001.971  000.000
11:48:50   94  002.019  002.090  002.106  002.027  001.970  000.000
11:48:52   95  002.013  002.084  002.101  002.025  001.969  000.000
11:48:54   96  002.007  002.077  002.095  002.022  001.968  000.000
11:48:56   97  002.003  002.072  002.092  002.019  001.967  000.000
11:48:58   98  001.998  002.067  002.086  002.016  001.965  000.000
11:49:00   99  001.992  002.062  002.082  002.014  001.965  000.000
11:49:02  100  001.989  002.058  002.078  002.011  001.964  000.000
11:49:04  101  001.985  002.053  002.074  002.008  001.962  000.000
11:49:06  102  001.980  002.048  002.070  002.005  001.962  000.000
11:49:08  103  001.977  002.045  002.067  002.004  001.961  000.000
11:49:10  104  001.973  002.041  002.063  002.001  001.960  000.000
11:49:12  105  001.970  002.037  002.059  001.998  001.959  000.000
11:49:14  106  001.967  002.034  002.057  001.996  001.958  000.000
11:49:16  107  001.964  002.031  002.053  001.994  001.958  000.000
11:49:18  108  001.961  002.027  002.050  001.992  001.957  000.000
11:49:20  109  001.958  002.024  002.047  001.989  001.956  000.000
11:49:22  110  001.956  002.022  002.045  001.988  001.955  000.000
11:49:24  111  001.953  002.019  002.042  001.986  001.955  000.000
11:49:26  112  001.951  002.016  002.039  001.984  001.954  000.000
11:49:28  113  001.949  002.014  002.037  001.982  001.954  000.000
11:49:30  114  001.946  002.011  002.035  001.980  001.953  000.000
11:49:32  115  001.945  002.008  002.032  001.979  001.952  000.000
11:49:34  116  001.943  002.007  002.031  001.977  001.952  000.000
11:49:36  117  001.941  002.004  002.028  001.975  001.951  000.000
11:49:38  118  001.939  002.002  002.026  001.974  001.951  000.000
11:49:40  119  001.937  002.001  002.025  001.973  001.950  000.000
11:49:42  120  001.936  001.999  002.023  001.971  001.950  000.000
11:49:44  121  001.934  001.996  002.020  001.969  001.949  000.000
11:49:46  122  001.932  001.995  002.019  001.968  001.949  000.000
11:49:48  123  001.931  001.993  002.017  001.967  001.948  000.000
11:49:50  124  001.930  001.992  002.016  001.965  001.948  000.000
11:49:52  125  001.929  001.990  002.014  001.964  001.947  000.000
11:49:54  126  001.927  001.989  002.013  001.962  001.947  000.000
11:49:56  127  001.926  001.987  002.011  001.961  001.946  000.000
11:49:58  128  001.925  001.986  002.010  001.961  001.946  000.000
11:50:00  129  001.924  001.985  002.008  001.959  001.946  000.000
11:50:02  130  001.923  001.983  002.007  001.958  001.945  000.000
11:50:04  131  001.921  001.982  002.005  001.957  001.945  000.000
11:50:06  132  001.920  001.981  002.004  001.956  001.945  000.000
11:50:08  133  001.920  001.979  002.002  001.955  001.945  000.000
11:50:10  134  001.918  001.978  002.001  001.954  001.944  000.000
11:50:12  135  001.918  001.977  002.000  001.953  001.944  000.000
11:50:14  136  001.917  001.976  001.999  001.952  001.943  000.000
11:50:16  137  001.916  001.975  001.998  001.951  001.943  000.000
11:50:18  138  001.915  001.974  001.996  001.950  001.943  000.000
11:50:20  139  001.914  001.973  001.996  001.949  001.943  000.000
11:50:22  140  001.913  001.971  001.995  001.948  001.942  000.000
11:50:24  141  001.913  001.971  001.993  001.948  001.942  000.000
11:50:26  142  001.912  001.970  001.993  001.946  001.942  000.000
11:50:28  143  001.911  001.969  001.992  001.946  001.942  000.000
11:50:30  144  001.910  001.968  001.991  001.945  001.941  000.000
11:50:32  145  001.910  001.967  001.990  001.945  001.941  000.000
11:50:34  146  001.909  001.967  001.989  001.943  001.940  000.000
11:50:36  147  001.908  001.965  001.988  001.943  001.940  000.000
11:50:38  148  001.908  001.965  001.987  001.942  001.940  000.000
11:50:40  149  001.907  001.964  001.986  001.942  001.940  000.000
11:50:42  150  001.906  001.963  001.985  001.940  001.939  000.000
11:50:44  151  001.905  001.962  001.985  001.940  001.939  000.000
11:50:46  152  001.905  001.962  001.984  001.939  001.939  000.000
11:50:48  153  001.904  001.961  001.983  001.939  001.939  000.000
11:50:50  154  001.904  001.960  001.982  001.938  001.939  000.000
11:50:52  155  001.903  001.960  001.982  001.937  001.939  000.000
11:50:54  156  001.903  001.959  001.980  001.937  001.939  000.000
11:50:56  157  001.902  001.958  001.980  001.936  001.938  000.000
11:50:58  158  001.902  001.958  001.979  001.936  001.938  000.000
11:51:00  159  001.901  001.957  001.979  001.935  001.937  000.000
11:51:02  160  001.901  001.956  001.978  001.935  001.937  000.000
11:51:04  161  001.900  001.956  001.977  001.934  001.937  000.000
11:51:06  162  001.899  001.955  001.977  001.933  001.937  000.000
11:51:08  163  001.899  001.955  001.976  001.933  001.937  000.000
11:51:10  164  001.899  001.954  001.976  001.932  001.937  000.000
11:51:12  165  001.898  001.954  001.974  001.932  001.937  000.000
11:51:14  166  001.898  001.953  001.974  001.932  001.936  000.000
11:51:16  167  001.897  001.952  001.974  001.931  001.936  000.000
11:51:18  168  001.897  001.952  001.973  001.930  001.936  000.000
11:51:20  169  001.897  001.951  001.972  001.930  001.936  000.000
11:51:22  170  001.896  001.952  001.971  001.929  001.936  000.000
11:51:24  171  001.896  001.951  001.971  001.929  001.936  000.000
11:51:26  172  001.895  001.950  001.971  001.929  001.936  000.000
11:51:28  173  001.895  001.949  001.970  001.928  001.935  000.000
11:51:30  174  001.895  001.949  001.970  001.927  001.935  000.000
11:51:32  175  001.894  001.948  001.969  001.927  001.935  000.000
11:51:34  176  001.894  001.948  001.968  001.927  001.935  000.000
11:51:36  177  001.894  001.948  001.968  001.926  001.935  000.000
11:51:38  178  001.893  001.947  001.967  001.926  001.935  000.000
11:51:40  179  001.893  001.947  001.967  001.926  001.935  000.000
11:51:42  180  001.892  001.946  001.967  001.925  001.934  000.000
11:51:44  181  001.892  001.946  001.966  001.924  001.935  000.000
11:51:46  182  001.892  001.945  001.965  001.924  001.934  000.000
11:51:48  183  001.891  001.945  001.965  001.924  001.934  000.000
11:51:50  184  001.891  001.945  001.965  001.923  001.934  000.000
11:51:52  185  001.891  001.944  001.964  001.923  001.933  000.000
11:51:54  186  001.891  001.944  001.964  001.923  001.933  000.000
11:51:56  187  001.891  001.943  001.964  001.923  001.933  000.000
11:51:58  188  001.890  001.943  001.963  001.922  001.933  000.000
11:52:00  189  001.889  001.943  001.962  001.921  001.933  000.000
11:52:02  190  001.889  001.942  001.962  001.921  001.933  000.000
11:52:04  191  001.889  001.942  001.962  001.921  001.933  000.000
11:52:06  192  001.889  001.942  001.961  001.920  001.933  000.000
11:52:08  193  001.889  001.942  001.961  001.920  001.933  000.000
11:52:10  194  001.888  001.941  001.961  001.920  001.933  000.000
11:52:12  195  001.888  001.940  001.960  001.920  001.933  000.000
11:52:14  196  001.887  001.940  001.960  001.920  001.932  000.000
11:52:16  197  001.888  001.940  001.960  001.919  001.932  000.000
11:52:18  198  001.888  001.940  001.959  001.918  001.932  000.000
11:52:20  199  001.887  001.940  001.959  001.918  001.932  000.000
11:52:22  200  001.887  001.939  001.958  001.918  001.932  000.000
11:52:24  201  001.886  001.939  001.958  001.918  001.932  000.000
11:52:26  202  001.886  001.939  001.958  001.918  001.932  000.000
11:52:28  203  001.886  001.938  001.958  001.917  001.932  000.000
11:52:30  204  001.886  001.938  001.957  001.917  001.932  000.000
11:52:32  205  001.886  001.937  001.957  001.917  001.931  000.000
11:52:34  206  001.885  001.937  001.957  001.916  001.932  000.000
11:52:36  207  001.885  001.937  001.956  001.916  001.932  000.000
11:52:38  208  001.885  001.937  001.956  001.916  001.931  000.000
11:52:40  209  001.885  001.936  001.955  001.916  001.931  000.000
11:52:42  210  001.885  001.936  001.955  001.915  001.931  000.000
11:52:44  211  001.884  001.936  001.955  001.915  001.931  000.000
11:52:46  212  001.884  001.936  001.955  001.915  001.931  000.000
11:52:48  213  001.884  001.936  001.954  001.914  001.931  000.000
11:52:50  214  001.883  001.935  001.954  001.914  001.930  000.000
11:52:52  215  001.883  001.935  001.954  001.914  001.930  000.000
11:52:54  216  001.883  001.935  001.954  001.914  001.930  000.000
11:52:56  217  001.883  001.935  001.953  001.913  001.930  000.000
11:52:58  218  001.883  001.935  001.953  001.913  001.930  000.000
11:53:00  219  001.883  001.934  001.952  001.913  001.930  000.000
11:53:02  220  001.883  001.934  001.952  001.913  001.930  000.000
11:53:04  221  001.882  001.933  001.952  001.913  001.930  000.000
11:53:06  222  001.882  001.933  001.952  001.913  001.930  000.000
11:53:08  223  001.882  001.933  001.951  001.912  001.930  000.000
11:53:10  224  001.882  001.933  001.951  001.912  001.930  000.000
11:53:12  225  001.881  001.933  001.951  001.912  001.930  000.000
11:53:14  226  001.882  001.933  001.951  001.911  001.930  000.000
11:53:16  227  001.881  001.932  001.950  001.911  001.930  000.000
11:53:18  228  001.881  001.933  001.950  001.911  001.930  000.000
11:53:20  229  001.881  001.932  001.950  001.911  001.930  000.000
11:53:22  230  001.881  001.932  001.949  001.910  001.929  000.000
11:53:24  231  001.880  001.932  001.949  001.910  001.929  000.000
11:53:26  232  001.880  001.931  001.949  001.910  001.929  000.000
11:53:28  233  001.880  001.931  001.949  001.910  001.929  000.000
11:53:30  234  001.880  001.931  001.949  001.910  001.929  000.000
11:53:32  235  001.880  001.930  001.948  001.910  001.929  000.000
11:53:34  236  001.880  001.930  001.948  001.910  001.929  000.000
11:53:36  237  001.879  001.930  001.948  001.909  001.929  000.000
11:53:38  238  001.879  001.930  001.948  001.909  001.929  000.000
11:53:40  239  001.879  001.930  001.948  001.909  001.929  000.000
11:53:42  240  001.879  001.930  001.948  001.908  001.929  000.000
11:53:44  241  001.879  001.929  001.947  001.908  001.929  000.000
11:53:46  242  001.879  001.929  001.947  001.908  001.929  000.000
11:53:48  243  001.879  001.929  001.947  001.908  001.928  000.000
11:53:50  244  001.879  001.929  001.946  001.908  001.929  000.000
11:53:52  245  001.879  001.929  001.946  001.908  001.929  000.000
11:53:54  246  001.878  001.929  001.946  001.907  001.928  000.000
11:53:56  247  001.878  001.929  001.946  001.907  001.928  000.000
11:53:58  248  001.878  001.928  001.946  001.907  001.928  000.000
11:54:00  249  001.878  001.928  001.945  001.907  001.928  000.000
11:54:02  250  001.878  001.928  001.945  001.907  001.928  000.000
11:54:04  251  001.878  001.927  001.945  001.907  001.928  000.000
11:54:06  252  001.878  001.927  001.945  001.906  001.928  000.000
11:54:08  253  001.878  001.927  001.945  001.906  001.927  000.000
11:54:10  254  001.877  001.927  001.945  001.906  001.928  000.000
11:54:12  255  001.877  001.927  001.944  001.906  001.927  000.000
11:54:14  256  001.878  001.927  001.944  001.905  001.927  000.000
11:54:16  257  001.877  001.927  001.944  001.905  001.927  000.000
11:54:18  258  001.877  001.926  001.943  001.905  001.927  000.000
11:54:20  259  001.876  001.926  001.943  001.905  001.927  000.000
11:54:22  260  001.877  001.926  001.943  001.905  001.927  000.000
11:54:24  261  001.876  001.926  001.943  001.905  001.927  000.000
11:54:26  262  001.876  001.926  001.943  001.905  001.927  000.000
11:54:28  263  001.876  001.926  001.943  001.905  001.927  000.000
11:54:30  264  001.876  001.926  001.943  001.904  001.927  000.000
11:54:32  265  001.876  001.926  001.942  001.904  001.927  000.000
11:54:34  266  001.876  001.925  001.942  001.904  001.927  000.000
11:54:36  267  001.876  001.925  001.942  001.904  001.927  000.000
11:54:38  268  001.876  001.925  001.942  001.904  001.927  000.000
11:54:40  269  001.876  001.925  001.942  001.904  001.927  000.000
11:54:42  270  001.876  001.924  001.942  001.904  001.927  000.000
11:54:44  271  001.875  001.924  001.942  001.904  001.927  000.000
11:54:46  272  001.875  001.924  001.942  001.903  001.927  000.000
11:54:48  273  001.875  001.924  001.941  001.903  001.927  000.000
11:54:50  274  001.875  001.924  001.941  001.903  001.926  000.000
11:54:52  275  001.875  001.924  001.941  001.903  001.927  000.000
11:54:54  276  001.875  001.924  001.941  001.902  001.927  000.000
11:54:56  277  001.875  001.924  001.940  001.902  001.926  000.000
11:54:58  278  001.875  001.924  001.940  001.902  001.926  000.000
11:55:00  279  001.875  001.923  001.940  001.902  001.926  000.000
11:55:02  280  001.875  001.923  001.940  001.902  001.926  000.000
11:55:04  281  001.874  001.923  001.940  001.902  001.926  000.000
11:55:06  282  001.874  001.923  001.940  001.902  001.926  000.000
11:55:08  283  001.873  001.923  001.940  001.902  001.926  000.000
11:55:10  284  001.874  001.923  001.939  001.902  001.926  000.000
11:55:12  285  001.874  001.923  001.939  001.902  001.926  000.000
11:55:14  286  001.874  001.923  001.939  001.901  001.926  000.000
11:55:16  287  001.874  001.923  001.939  001.901  001.926  000.000
11:55:18  288  001.873  001.923  001.939  001.901  001.926  000.000
11:55:20  289  001.873  001.923  001.939  001.901  001.926  000.000
11:55:22  290  001.873  001.922  001.939  001.901  001.926  000.000
11:55:24  291  001.873  001.922  001.939  001.901  001.926  000.000
11:55:26  292  001.874  001.922  001.939  001.901  001.926  000.000
11:55:28  293  001.873  001.922  001.938  001.901  001.926  000.000
11:55:30  294  001.873  001.922  001.938  001.901  001.926  000.000
11:55:32  295  001.873  001.921  001.938  001.900  001.926  000.000
11:55:34  296  001.873  001.921  001.937  001.900  001.926  000.000
11:55:36  297  001.873  001.921  001.937  001.900  001.926  000.000
11:55:38  298  001.873  001.921  001.937  001.900  001.925  000.000
11:55:40  299  001.873  001.921  001.937  001.900  001.926  000.000
11:55:42  300  001.873  001.921  001.937  001.900  001.926  000.000
11:55:44  301  001.872  001.921  001.937  001.899  001.925  020.000
11:55:46  302  001.927  002.154  002.008  001.949  002.072  020.000
11:55:48  303  002.188  002.767  002.251  002.190  002.581  020.000
11:55:50  304  002.731  003.686  002.689  002.704  003.349  020.000
11:55:52  305  003.360  004.566  003.169  003.299  004.052  020.000
11:55:54  306  003.859  005.199  003.543  003.763  004.540  020.000
11:55:56  307  004.402  005.723  003.928  004.261  004.950  000.000
11:55:58  308  004.614  005.596  004.029  004.437  004.785  000.000
11:56:00  309  004.566  005.294  003.962  004.361  004.488  000.000
11:56:02  310  004.366  004.868  003.799  004.138  004.114  000.000
11:56:04  311  004.110  004.467  003.611  003.877  003.792  000.000
11:56:06  312  003.852  004.117  003.463  003.676  003.578  000.000
11:56:08  313  003.660  003.874  003.291  003.449  003.355  000.000
11:56:10  314  003.444  003.615  003.138  003.255  003.174  000.000
11:56:12  315  003.257  003.398  003.005  003.089  003.024  000.000
11:56:14  316  003.125  003.248  002.911  002.975  002.923  000.000
11:56:16  317  002.983  003.088  002.809  002.853  002.815  000.000
11:56:18  318  002.861  002.954  002.721  002.749  002.724  000.000
11:56:20  319  002.776  002.861  002.659  002.678  002.662  000.000
11:56:22  320  002.685  002.762  002.593  002.601  002.594  000.000
11:56:24  321  002.607  002.677  002.535  002.537  002.536  000.000
11:56:26  322  002.552  002.618  002.494  002.491  002.495  000.000
11:56:28  323  002.492  002.555  002.450  002.442  002.451  000.000
11:56:30  324  002.441  002.501  002.412  002.399  002.413  000.000
11:56:32  325  002.405  002.463  002.385  002.369  002.386  000.000
11:56:34  326  002.365  002.421  002.355  002.336  002.356  000.000
11:56:36  327  002.331  002.385  002.329  002.308  002.329  000.000
11:56:38  328  002.300  002.353  002.305  002.283  002.310  000.000
11:56:40  329  002.279  002.331  002.289  002.265  002.289  000.000
11:56:42  330  002.255  002.306  002.271  002.245  002.270  000.000
11:56:44  331  002.234  002.284  002.254  002.226  002.253  000.000
11:56:46  332  002.219  002.268  002.242  002.213  002.241  000.000
11:56:48  333  002.201  002.250  002.228  002.199  002.227  000.000
11:56:50  334  002.185  002.234  002.216  002.185  002.214  000.000
11:56:52  335  002.174  002.223  002.207  002.176  002.205  000.000
11:56:54  336  002.161  002.210  002.196  002.165  002.194  000.000
11:56:56  337  002.149  002.197  002.187  002.155  002.184  000.000
11:56:58  338  002.141  002.189  002.179  002.147  002.177  000.000
11:57:00  339  002.131  002.179  002.172  002.138  002.169  000.000
11:57:02  340  002.122  002.170  002.164  002.131  002.161  000.000
11:57:04  341  002.113  002.161  002.158  002.125  002.155  000.000
11:57:06  342  002.107  002.155  002.151  002.117  002.148  000.000
11:57:08  343  002.100  002.147  002.145  002.111  002.142  000.000
11:57:10  344  002.093  002.141  002.139  002.105  002.136  000.000
11:57:12  345  002.088  002.135  002.135  002.101  002.131  000.000
11:57:14  346  002.082  002.129  002.129  002.095  002.126  000.000
11:57:16  347  002.076  002.124  002.125  002.090  002.121  000.000
11:57:18  348  002.072  002.120  002.121  002.087  002.117  000.000
11:57:20  349  002.067  002.114  002.116  002.081  002.113  000.000
11:57:22  350  002.062  002.110  002.113  002.077  002.108  000.000
11:57:24  351  002.059  002.106  002.109  002.074  002.105  000.000
11:57:26  352  002.054  002.102  002.105  002.070  002.101  000.000
11:57:28  353  002.050  002.098  002.102  002.066  002.097  000.000
11:57:30  354  002.047  002.094  002.099  002.063  002.095  000.000
11:57:32  355  002.043  002.090  002.095  002.060  002.091  000.000
11:57:34  356  002.039  002.087  002.092  002.057  002.087  000.000
11:57:36  357  002.035  002.083  002.089  002.053  002.085  000.000
11:57:38  358  002.034  002.081  002.087  002.051  002.081  000.000
11:57:40  359  002.031  002.078  002.084  002.048  002.079  000.000
11:57:42  360  002.027  002.075  002.081  002.045  002.076  000.000
11:57:44  361  002.025  002.072  002.079  002.043  002.074  000.000
11:57:46  362  002.022  002.069  002.077  002.041  002.071  000.000
11:57:48  363  002.020  002.068  002.074  002.038  002.069  000.000
11:57:50  364  002.017  002.065  002.072  002.036  002.066  000.000
11:57:52  365  002.014  002.062  002.069  002.034  002.064  000.000
11:57:54  366  002.013  002.060  002.067  002.031  002.062  000.000
11:57:56  367  002.010  002.058  002.066  002.029  002.060  000.000
11:57:58  368  002.008  002.056  002.063  002.027  002.058  000.000
11:58:00  369  002.006  002.053  002.062  002.025  002.056  000.000
11:58:02  370  002.003  002.051  002.060  002.023  002.054  000.000
11:58:04  371  002.002  002.050  002.058  002.022  002.053  000.000
11:58:06  372  002.000  002.047  002.056  002.020  002.051  000.000
11:58:08  373  001.998  002.045  002.054  002.018  002.048  000.000
11:58:10  374  001.996  002.044  002.053  002.016  002.047  000.000
11:58:12  375  001.995  002.042  002.051  002.014  002.045  000.000
11:58:14  376  001.993  002.040  002.049  002.013  002.044  000.000
11:58:16  377  001.992  002.039  002.048  002.011  002.042  000.000
11:58:18  378  001.990  002.037  002.047  002.010  002.041  000.000
11:58:20  379  001.989  002.035  002.045  002.008  002.039  000.000
11:58:22  380  001.987  002.034  002.044  002.007  002.038  000.000
11:58:24  381  001.986  002.032  002.042  002.005  002.036  000.000
11:58:26  382  001.984  002.031  002.041  002.004  002.035  000.000
11:58:28  383  001.983  002.029  002.039  002.003  002.034  000.000
11:58:30  384  001.982  002.028  002.038  002.002  002.032  000.000
11:58:32  385  001.980  002.027  002.036  002.000  002.031  000.000
11:58:34  386  001.978  002.025  002.035  001.999  002.030  000.000
11:58:36  387  001.977  002.025  002.034  001.998  002.029  000.000
11:58:38  388  001.976  002.023  002.034  001.996  002.028  000.000
11:58:40  389  001.975  002.022  002.032  001.995  002.026  000.000
11:58:42  390  001.974  002.021  002.031  001.994  002.025  000.000
11:58:44  391  001.973  002.019  002.030  001.993  002.024  000.000
11:58:46  392  001.971  002.018  002.029  001.992  002.023  000.000
11:58:48  393  001.970  002.017  002.028  001.991  002.022  000.000
11:58:50  394  001.969  002.016  002.026  001.990  002.021  000.000
11:58:52  395  001.968  002.015  002.026  001.989  002.020  000.000
11:58:54  396  001.967  002.014  002.025  001.988  002.019  000.000
11:58:56  397  001.966  002.013  002.023  001.987  002.018  000.000
11:58:58  398  001.965  002.012  002.022  001.986  002.017  000.000
11:59:00  399  001.964  002.011  002.022  001.985  002.016  000.000
11:59:02  400  001.963  002.010  002.021  001.984  002.015  000.000
11:59:04  401  001.962  002.009  002.020  001.983  002.014  000.000
11:59:06  402  001.961  002.008  002.019  001.982  002.013  000.000
11:59:08  403  001.960  002.007  002.018  001.982  002.013  000.000
11:59:10  404  001.960  002.006  002.017  001.980  002.012  000.000
11:59:12  405  001.958  002.005  002.016  001.980  002.011  000.000
11:59:14  406  001.958  002.004  002.016  001.979  002.010  000.000
11:59:16  407  001.957  002.003  002.014  001.978  002.009  000.000
11:59:18  408  001.956  002.002  002.014  001.977  002.008  000.000
11:59:20  409  001.955  002.002  002.013  001.977  002.008  000.000
11:59:22  410  001.954  002.001  002.012  001.976  002.007  000.000
11:59:24  411  001.954  002.000  002.011  001.975  002.006  000.000
11:59:26  412  001.953  001.999  002.011  001.974  002.005  000.000
11:59:28  413  001.952  001.998  002.010  001.973  002.004  000.000
11:59:30  414  001.951  001.998  002.009  001.973  002.004  000.000
11:59:32  415  001.950  001.997  002.008  001.972  002.003  000.000
11:59:34  416  001.950  001.996  002.008  001.971  002.002  000.000
11:59:36  417  001.949  001.995  002.007  001.971  002.002  000.000
11:59:38  418  001.948  001.995  002.006  001.970  002.001  000.000
11:59:40  419  001.948  001.994  002.005  001.969  002.000  000.000
11:59:42  420  001.947  001.993  002.005  001.968  001.999  000.000
11:59:44  421  001.946  001.993  002.004  001.968  001.999  000.000
11:59:46  422  001.946  001.992  002.004  001.967  001.998  000.000
11:59:48  423  001.945  001.992  002.003  001.967  001.998  000.000
11:59:50  424  001.944  001.991  002.002  001.966  001.997  000.000
11:59:52  425  001.943  001.990  002.002  001.965  001.996  000.000
11:59:54  426  001.943  001.989  002.001  001.965  001.996  000.000
11:59:56  427  001.942  001.989  002.001  001.964  001.995  000.000
11:59:58  428  001.942  001.988  002.000  001.964  001.995  000.000
12:00:00  429  001.941  001.988  001.999  001.963  001.994  000.000
12:00:02  430  001.940  001.987  001.999  001.962  001.993  000.000
12:00:04  431  001.940  001.987  001.998  001.962  001.993  000.000
12:00:06  432  001.940  001.986  001.998  001.961  001.992  000.000
12:00:08  433  001.939  001.985  001.997  001.961  001.992  000.000
12:00:10  434  001.938  001.985  001.996  001.960  001.992  000.000
12:00:12  435  001.938  001.984  001.996  001.960  001.991  000.000
12:00:14  436  001.937  001.984  001.996  001.959  001.991  000.000
12:00:16  437  001.937  001.983  001.995  001.958  001.990  000.000
12:00:18  438  001.936  001.983  001.995  001.958  001.990  000.000
12:00:20  439  001.936  001.982  001.994  001.958  001.989  000.000
12:00:22  440  001.935  001.982  001.993  001.957  001.989  000.000
12:00:24  441  001.935  001.981  001.993  001.957  001.988  000.000
12:00:26  442  001.935  001.980  001.992  001.956  001.988  000.000
12:00:28  443  001.934  001.980  001.992  001.956  001.988  000.000
12:00:30  444  001.933  001.980  001.991  001.955  001.987  000.000
12:00:32  445  001.933  001.979  001.991  001.955  001.986  000.000
12:00:34  446  001.932  001.979  001.991  001.954  001.986  000.000
12:00:36  447  001.932  001.978  001.990  001.954  001.985  000.000
12:00:38  448  001.932  001.978  001.990  001.954  001.985  000.000
12:00:40  449  001.931  001.977  001.989  001.953  001.985  000.000
12:00:42  450  001.930  001.976  001.989  001.952  001.984  000.000
12:00:44  451  001.930  001.976  001.988  001.952  001.983  000.000
12:00:46  452  001.930  001.976  001.988  001.952  001.983  000.000
12:00:48  453  001.929  001.975  001.988  001.951  001.983  000.000
12:00:50  454  001.929  001.975  001.987  001.951  001.982  000.000
12:00:52  455  001.929  001.974  001.986  001.951  001.982  000.000
12:00:54  456  001.928  001.974  001.986  001.950  001.982  000.000
12:00:56  457  001.927  001.974  001.986  001.949  001.981  000.000
12:00:58  458  001.927  001.973  001.985  001.949  001.981  000.000
12:01:00  459  001.927  001.973  001.985  001.949  001.980  000.000
12:01:02  460  001.926  001.973  001.985  001.948  001.980  000.000
12:01:04  461  001.926  001.972  001.985  001.948  001.980  000.000
12:01:06  462  001.926  001.971  001.984  001.948  001.979  000.000
12:01:08  463  001.925  001.971  001.983  001.947  001.979  000.000
12:01:10  464  001.925  001.971  001.983  001.947  001.979  000.000
12:01:12  465  001.924  001.971  001.983  001.946  001.979  000.000
12:01:14  466  001.924  001.970  001.982  001.946  001.978  000.000
12:01:16  467  001.924  001.970  001.982  001.946  001.978  000.000
12:01:18  468  001.923  001.969  001.982  001.945  001.977  000.000
12:01:20  469  001.923  001.969  001.982  001.945  001.977  000.000
12:01:22  470  001.923  001.969  001.981  001.945  001.977  000.000
12:01:24  471  001.923  001.968  001.980  001.944  001.976  000.000
12:01:26  472  001.922  001.968  001.980  001.944  001.976  000.000
12:01:28  473  001.921  001.968  001.980  001.943  001.976  000.000
12:01:30  474  001.921  001.967  001.980  001.943  001.975  000.000
12:01:32  475  001.921  001.967  001.979  001.943  001.975  000.000
12:01:34  476  001.921  001.967  001.979  001.943  001.974  000.000
12:01:36  477  001.920  001.966  001.979  001.942  001.974  000.000
12:01:38  478  001.920  001.966  001.978  001.942  001.974  000.000
12:01:40  479  001.920  001.965  001.978  001.942  001.974  000.000
12:01:42  480  001.919  001.965  001.977  001.941  001.973  000.000
12:01:44  481  001.919  001.965  001.977  001.941  001.973  000.000
12:01:46  482  001.918  001.964  001.977  001.940  001.973  000.000
12:01:48  483  001.918  001.964  001.977  001.940  001.973  000.000
12:01:50  484  001.918  001.964  001.976  001.940  001.973  000.000
12:01:52  485  001.918  001.964  001.976  001.940  001.972  000.000
12:01:54  486  001.917  001.963  001.976  001.940  001.972  000.000
12:01:56  487  001.917  001.963  001.976  001.939  001.971  000.000
12:01:58  488  001.917  001.962  001.975  001.939  001.971  000.000
12:02:00  489  001.917  001.962  001.975  001.939  001.971  000.000
12:02:02  490  001.916  001.962  001.974  001.939  001.971  000.000
12:02:04  491  001.916  001.962  001.974  001.938  001.970  000.000
12:02:06  492  001.916  001.961  001.974  001.937  001.970  000.000
12:02:08  493  001.916  001.961  001.974  001.937  001.970  000.000
12:02:10  494  001.915  001.961  001.973  001.937  001.970  000.000
12:02:12  495  001.916  001.961  001.973  001.937  001.970  000.000
12:02:14  496  001.915  001.960  001.973  001.936  001.969  000.000
12:02:16  497  001.914  001.960  001.973  001.936  001.969  000.000
12:02:18  498  001.914  001.960  001.973  001.936  001.968  000.000
12:02:20  499  001.914  001.960  001.972  001.936  001.968  000.000
12:02:22  500  001.914  001.960  001.972  001.936  001.968  000.000
12:02:24  501  001.914  001.959  001.971  001.935  001.968  000.000
12:02:26  502  001.913  001.959  001.971  001.935  001.968  000.000
12:02:28  503  001.913  001.958  001.971  001.935  001.967  000.000
12:02:30  504  001.913  001.958  001.971  001.935  001.967  000.000
12:02:32  505  001.912  001.958  001.970  001.935  001.967  000.000
12:02:34  506  001.912  001.958  001.970  001.934  001.967  000.000
12:02:36  507  001.912  001.958  001.970  001.934  001.967  000.000
12:02:38  508  001.911  001.957  001.970  001.933  001.966  000.000
12:02:40  509  001.911  001.957  001.970  001.933  001.966  000.000
12:02:42  510  001.911  001.957  001.969  001.933  001.966  000.000
12:02:44  511  001.911  001.957  001.969  001.933  001.965  000.000
12:02:46  512  001.911  001.957  001.969  001.933  001.965  000.000
12:02:48  513  001.910  001.956  001.968  001.932  001.965  000.000
12:02:50  514  001.910  001.955  001.968  001.932  001.965  000.000
12:02:52  515  001.910  001.955  001.968  001.932  001.965  000.000
12:02:54  516  001.910  001.955  001.968  001.932  001.965  000.000
12:02:56  517  001.910  001.955  001.967  001.932  001.964  000.000
12:02:58  518  001.908  001.954  001.967  001.930  001.964  000.000
12:03:00  519  001.909  001.955  001.967  001.931  001.964  000.000
12:03:02  520  001.909  001.955  001.967  001.931  001.964  000.000
12:03:04  521  001.908  001.954  001.967  001.930  001.964  000.000
12:03:06  522  001.908  001.954  001.967  001.930  001.963  000.000
12:03:08  523  001.908  001.954  001.966  001.930  001.963  000.000
12:03:10  524  001.908  001.954  001.966  001.930  001.963  000.000
12:03:12  525  001.908  001.954  001.966  001.930  001.962  000.000
12:03:14  526  001.908  001.953  001.965  001.930  001.962  000.000
12:03:16  527  001.907  001.953  001.965  001.929  001.962  000.000
12:03:18  528  001.907  001.952  001.965  001.929  001.962  000.000
12:03:20  529  001.907  001.952  001.965  001.929  001.962  000.000
12:03:22  530  001.907  001.952  001.965  001.929  001.962  000.000
