start of data file.
siteName: HF-751-13
Probe serial Number: 0

Date    Meas#    T1(B)       T2       T3       T4    T5(T)        H
-------------------------------------------------------------------
03:59:55    1  001.810  001.860  001.878  001.852  001.902  000.000
03:59:57    2  001.811  001.860  001.879  001.852  001.903  000.000
03:59:59    3  001.810  001.860  001.879  001.853  001.903  000.000
04:00:01    4  001.811  001.860  001.878  001.853  001.903  000.000
04:00:03    5  001.811  001.860  001.878  001.853  001.903  000.000
04:00:05    6  001.811  001.860  001.878  001.853  001.904  000.000
04:00:07    7  001.811  001.859  001.877  001.854  001.901  000.000
04:00:09    8  001.831  001.870  001.910  001.858  001.904  000.000
04:00:11    9  001.917  001.946  001.984  001.908  001.915  000.000
04:00:13   10  002.033  002.029  002.029  001.943  001.918  000.000
04:00:15   11  002.182  002.126  002.075  001.970  001.919  000.000
04:00:17   12  002.307  002.206  002.113  001.989  001.919  000.000
04:00:19   13  002.388  002.259  002.139  002.002  001.918  000.000
04:00:21   14  002.466  002.313  002.164  002.014  001.917  000.000
04:00:23   15  002.523  002.353  002.184  002.023  001.917  000.000
04:00:25   16  002.566  002.384  002.197  002.029  001.917  000.000
04:00:27   17  002.591  002.403  002.210  002.035  001.917  000.000
04:00:29   18  002.615  002.422  002.219  002.040  001.917  000.000
04:00:31   19  002.630  002.435  002.227  002.044  001.917  000.000
04:00:33   20  002.639  002.443  002.231  002.046  001.917  000.000
04:00:35   21  002.646  002.450  002.236  002.048  001.917  000.000
04:00:37   22  002.649  002.454  002.239  002.050  001.917  000.000
04:00:39   23  002.649  002.457  002.241  002.051  001.917  000.000
04:00:41   24  002.649  002.458  002.243  002.052  001.917  000.000
04:00:43   25  002.647  002.458  002.244  002.052  001.917  000.000
04:00:45   26  002.644  002.458  002.244  002.052  001.917  000.000
04:00:47   27  002.641  002.457  002.245  002.053  001.918  000.000
04:00:49   28  002.637  002.455  002.245  002.053  001.918  000.000
04:00:51   29  002.633  002.454  002.245  002.053  001.918  000.000
04:00:53   30  002.628  002.452  002.245  002.053  001.918  000.000
04:00:55   31  002.623  002.449  002.244  002.053  001.918  000.000
04:00:57   32  002.618  002.446  002.244  002.052  001.919  000.000
04:00:59   33  002.614  002.444  002.243  002.052  001.919  000.000
04:01:01   34  002.610  002.442  002.242  002.052  001.920  000.000
04:01:03   35  002.605  002.439  002.242  002.051  001.919  000.000
04:01:05   36  002.601  002.438  002.241  002.050  001.920  000.000
04:01:07   37  002.597  002.435  002.240  002.050  001.920  000.000
04:01:09   38  002.592  002.432  002.239  002.050  001.920  000.000
04:01:11   39  002.589  002.431  002.239  002.050  001.920  000.000
04:01:13   40  002.584  002.428  002.238  002.049  001.920  000.000
04:01:15   41  002.581  002.426  002.238  002.049  001.920  000.000
04:01:17   42  002.578  002.424  002.236  002.048  001.920  000.000
04:01:19   43  002.574  002.422  002.236  002.047  001.920  000.000
04:01:21   44  002.570  002.420  002.235  002.047  001.920  000.000
04:01:23   45  002.568  002.418  002.234  002.047  001.920  000.000
04:01:25   46  002.564  002.416  002.234  002.046  001.920  000.000
04:01:27   47  002.561  002.414  002.233  002.046  001.920  000.000
04:01:29   48  002.558  002.413  002.233  002.046  001.920  000.000
04:01:31   49  002.555  002.411  002.232  002.046  001.920  000.000
04:01:33   50  002.553  002.410  002.232  002.045  001.920  000.000
04:01:35   51  002.550  002.408  002.231  002.045  001.920  000.000
04:01:37   52  002.548  002.406  002.231  002.044  001.920  000.000
04:01:39   53  002.546  002.405  002.230  002.044  001.920  000.000
04:01:41   54  002.543  002.403  002.230  002.044  001.921  000.000
04:01:43   55  002.541  002.402  002.229  002.044  001.921  000.000
04:01:45   56  002.539  002.401  002.228  002.043  001.921  000.000
04:01:47   57  002.536  002.399  002.228  002.043  001.920  000.000
04:01:49   58  002.535  002.399  002.227  002.043  001.921  000.000
04:01:51   59  002.533  002.397  002.227  002.042  001.920  000.000
04:01:53   60  002.531  002.396  002.227  002.043  001.921  000.000
04:01:55   61  002.528  002.395  002.226  002.042  001.921  000.000
04:01:57   62  002.527  002.394  002.226  002.042  001.921  000.000
04:01:59   63  002.525  002.393  002.225  002.041  001.921  000.000
04:02:01   64  002.523  002.391  002.225  002.041  001.921  000.000
04:02:03   65  002.522  002.391  002.225  002.041  001.921  000.000
04:02:05   66  002.520  002.390  002.224  002.041  001.921  000.000
04:02:07   67  002.519  002.389  002.224  002.041  001.921  000.000
04:02:09   68  002.518  002.388  002.224  002.041  001.921  000.000
04:02:11   69  002.517  002.387  002.223  002.040  001.921  000.000
04:02:13   70  002.515  002.386  002.223  002.040  001.921  000.000
04:02:15   71  002.514  002.386  002.222  002.040  001.921  000.000
04:02:17   72  002.512  002.385  002.222  002.040  001.921  000.000
04:02:19   73  002.511  002.384  002.222  002.040  001.921  000.000
04:02:21   74  002.510  002.383  002.221  002.039  001.921  000.000
04:02:23   75  002.509  002.382  002.221  002.039  001.921  000.000
04:02:25   76  002.508  002.381  002.221  002.039  001.921  000.000
04:02:27   77  002.506  002.380  002.221  002.038  001.921  000.000
04:02:29   78  002.505  002.380  002.220  002.038  001.921  000.000
04:02:31   79  002.504  002.379  002.220  002.038  001.921  000.000
04:02:33   80  002.503  002.378  002.219  002.038  001.921  000.000
04:02:35   81  002.502  002.378  002.219  002.038  001.921  000.000
04:02:37   82  002.501  002.377  002.219  002.038  001.921  000.000
04:02:39   83  002.500  002.377  002.219  002.037  001.921  000.000
04:02:41   84  002.499  002.376  002.219  002.037  001.921  000.000
04:02:43   85  002.498  002.375  002.218  002.037  001.921  000.000
04:02:45   86  002.497  002.375  002.218  002.037  001.921  000.000
04:02:47   87  002.496  002.374  002.218  002.037  001.921  000.000
04:02:49   88  002.495  002.374  002.218  002.037  001.922  000.000
04:02:51   89  002.494  002.373  002.217  002.037  001.922  000.000
04:02:53   90  002.493  002.372  002.217  002.037  001.922  000.000
04:02:55   91  002.493  002.372  002.217  002.036  001.922  000.000
04:02:57   92  002.492  002.372  002.216  002.036  001.922  000.000
04:02:59   93  002.491  002.371  002.216  002.036  001.923  000.000
04:03:01   94  002.490  002.370  002.216  002.036  001.923  000.000
04:03:03   95  002.490  002.370  002.216  002.036  001.923  000.000
04:03:05   96  002.488  002.369  002.216  002.036  001.923  000.000
04:03:07   97  002.488  002.369  002.216  002.035  001.923  000.000
04:03:09   98  002.487  002.368  002.215  002.035  001.923  000.000
04:03:11   99  002.487  002.368  002.215  002.035  001.923  000.000
04:03:13  100  002.485  002.367  002.215  002.035  001.923  000.000
04:03:15  101  002.485  002.367  002.215  002.035  001.923  000.000
04:03:17  102  002.484  002.367  002.215  002.035  001.923  000.000
04:03:19  103  002.484  002.366  002.215  002.035  001.923  000.000
04:03:21  104  002.483  002.366  002.214  002.035  001.923  000.000
04:03:23  105  002.482  002.365  002.214  002.035  001.923  000.000
04:03:25  106  002.482  002.365  002.213  002.034  001.923  000.000
04:03:27  107  002.481  002.364  002.213  002.034  001.923  000.000
04:03:29  108  002.481  002.364  002.213  002.034  001.923  000.000
04:03:31  109  002.480  002.364  002.213  002.034  001.923  000.000
04:03:33  110  002.479  002.363  002.213  002.034  001.924  000.000
04:03:35  111  002.479  002.363  002.213  002.034  001.924  000.000
04:03:37  112  002.478  002.363  002.213  002.034  001.924  000.000
04:03:39  113  002.478  002.363  002.213  002.034  001.924  000.000
04:03:41  114  002.477  002.362  002.213  002.034  001.924  000.000
04:03:43  115  002.477  002.361  002.212  002.034  001.924  000.000
04:03:45  116  002.477  002.362  002.213  002.034  001.925  000.000
04:03:47  117  002.476  002.361  002.212  002.034  001.924  000.000
04:03:49  118  002.475  002.361  002.212  002.033  001.924  000.000
04:03:51  119  002.474  002.360  002.212  002.033  001.924  000.000
04:03:53  120  002.475  002.360  002.212  002.033  001.924  000.000
04:03:55  121  002.474  002.360  002.212  002.033  001.924  000.000
04:03:57  122  002.473  002.359  002.211  002.032  001.924  000.000
04:03:59  123  002.473  002.359  002.211  002.032  001.924  000.000
04:04:01  124  002.472  002.358  002.211  002.032  001.925  000.000
04:04:03  125  002.472  002.358  002.211  002.033  001.925  000.000
04:04:05  126  002.471  002.358  002.211  002.032  001.924  000.000
04:04:07  127  002.471  002.358  002.210  002.032  001.924  000.000
04:04:09  128  002.470  002.358  002.210  002.032  001.924  000.000
04:04:11  129  002.470  002.357  002.210  002.032  001.924  000.000
04:04:13  130  002.469  002.357  002.210  002.032  001.924  000.000
04:04:15  131  002.469  002.356  002.210  002.032  001.924  000.000
04:04:17  132  002.469  002.356  002.210  002.032  001.924  000.000
04:04:19  133  002.468  002.356  002.210  002.032  001.924  000.000
04:04:21  134  002.468  002.356  002.210  002.032  001.924  000.000
04:04:23  135  002.468  002.356  002.210  002.032  001.924  000.000
04:04:25  136  002.468  002.356  002.210  002.032  001.924  000.000
04:04:27  137  002.467  002.355  002.210  002.032  001.924  000.000
04:04:29  138  002.467  002.355  002.209  002.032  001.924  000.000
04:04:31  139  002.466  002.355  002.209  002.032  001.924  000.000
04:04:33  140  002.466  002.354  002.209  002.031  001.924  000.000
04:04:35  141  002.465  002.354  002.209  002.032  001.924  000.000
04:04:37  142  002.465  002.354  002.209  002.031  001.924  000.000
04:04:39  143  002.465  002.353  002.208  002.031  001.924  000.000
04:04:41  144  002.464  002.353  002.208  002.031  001.923  000.000
04:04:43  145  002.464  002.353  002.208  002.031  001.923  000.000
04:04:45  146  002.464  002.353  002.208  002.031  001.924  000.000
04:04:47  147  002.463  002.353  002.209  002.031  001.923  000.000
04:04:49  148  002.462  002.352  002.208  002.031  001.924  000.000
04:04:51  149  002.463  002.353  002.208  002.032  001.924  000.000
04:04:53  150  002.462  002.352  002.208  002.031  001.924  000.000
04:04:55  151  002.462  002.352  002.208  002.032  001.924  000.000
04:04:57  152  002.462  002.352  002.208  002.031  001.924  000.000
04:04:59  153  002.462  002.352  002.208  002.031  001.924  000.000
04:05:01  154  002.461  002.351  002.207  002.031  001.924  000.000
04:05:03  155  002.460  002.351  002.207  002.031  001.924  000.000
04:05:05  156  002.461  002.351  002.208  002.031  001.924  000.000
04:05:07  157  002.460  002.351  002.207  002.031  001.924  000.000
04:05:09  158  002.460  002.351  002.208  002.031  001.924  000.000
04:05:11  159  002.460  002.351  002.207  002.030  001.923  000.000
04:05:13  160  002.460  002.350  002.208  002.031  001.924  000.000
04:05:15  161  002.459  002.350  002.207  002.031  001.923  000.000
04:05:17  162  002.459  002.350  002.207  002.031  001.924  000.000
04:05:19  163  002.459  002.349  002.207  002.030  001.923  000.000
04:05:21  164  002.458  002.350  002.207  002.031  001.923  000.000
04:05:23  165  002.458  002.350  002.207  002.031  001.923  000.000
04:05:25  166  002.457  002.349  002.207  002.030  001.923  000.000
04:05:27  167  002.458  002.350  002.207  002.031  001.923  000.000
04:05:29  168  002.457  002.349  002.207  002.030  001.923  000.000
04:05:31  169  002.457  002.349  002.207  002.031  001.923  000.000
04:05:33  170  002.457  002.349  002.206  002.030  001.922  000.000
04:05:35  171  002.457  002.349  002.207  002.030  001.922  000.000
04:05:37  172  002.456  002.348  002.206  002.029  001.921  000.000
04:05:39  173  002.457  002.348  002.207  002.030  001.922  000.000
04:05:41  174  002.456  002.347  002.206  002.029  001.922  000.000
04:05:43  175  002.456  002.348  002.206  002.030  001.921  000.000
04:05:45  176  002.455  002.348  002.206  002.030  001.922  000.000
04:05:47  177  002.455  002.348  002.207  002.030  001.921  000.000
04:05:49  178  002.455  002.347  002.206  002.030  001.922  000.000
04:05:51  179  002.454  002.347  002.206  002.029  001.921  000.000
04:05:53  180  002.455  002.347  002.206  002.029  001.921  000.000
04:05:55  181  002.454  002.347  002.206  002.029  001.921  000.000
04:05:57  182  002.454  002.346  002.206  002.029  001.921  000.000
04:05:59  183  002.454  002.346  002.206  002.029  001.921  000.000
04:06:01  184  002.454  002.347  002.206  002.030  001.921  000.000
04:06:03  185  002.454  002.347  002.205  002.029  001.921  000.000
04:06:05  186  002.452  002.346  002.205  002.029  001.921  000.000
04:06:07  187  002.453  002.346  002.205  002.029  001.921  000.000
04:06:09  188  002.452  002.346  002.205  002.029  001.921  000.000
04:06:11  189  002.452  002.346  002.205  002.029  001.921  000.000
04:06:13  190  002.452  002.345  002.205  002.029  001.921  000.000
04:06:15  191  002.452  002.346  002.205  002.029  001.921  000.000
04:06:17  192  002.452  002.345  002.205  002.029  001.921  000.000
04:06:19  193  002.452  002.345  002.205  002.029  001.921  000.000
04:06:21  194  002.452  002.345  002.205  002.029  001.921  000.000
04:06:23  195  002.451  002.345  002.205  002.029  001.921  000.000
04:06:25  196  002.451  002.345  002.205  002.029  001.921  000.000
04:06:27  197  002.451  002.345  002.205  002.029  001.921  000.000
04:06:29  198  002.450  002.344  002.204  002.028  001.921  000.000
04:06:31  199  002.450  002.344  002.204  002.029  001.922  000.000
04:06:33  200  002.450  002.344  002.205  002.029  001.922  000.000
04:06:35  201  002.450  002.344  002.204  002.029  001.922  000.000
04:06:37  202  002.450  002.344  002.204  002.029  001.922  000.000
04:06:39  203  002.450  002.344  002.204  002.029  001.922  000.000
04:06:41  204  002.449  002.344  002.204  002.029  001.922  000.000
04:06:43  205  002.449  002.344  002.204  002.029  001.922  000.000
04:06:45  206  002.449  002.344  002.204  002.029  001.922  000.000
04:06:47  207  002.449  002.344  002.204  002.029  001.922  000.000
04:06:49  208  002.449  002.343  002.204  002.028  001.922  000.000
04:06:51  209  002.449  002.343  002.204  002.028  001.922  000.000
04:06:53  210  002.449  002.343  002.204  002.028  001.922  000.000
04:06:55  211  002.449  002.343  002.204  002.028  001.922  000.000
04:06:57  212  002.448  002.342  002.204  002.028  001.922  000.000
04:06:59  213  002.448  002.342  002.204  002.028  001.923  000.000
04:07:01  214  002.448  002.342  002.203  002.028  001.922  000.000
04:07:03  215  002.447  002.342  002.204  002.028  001.922  000.000
04:07:05  216  002.447  002.342  002.204  002.028  001.923  000.000
04:07:07  217  002.447  002.342  002.204  002.028  001.923  000.000
04:07:09  218  002.446  002.342  002.203  002.028  001.922  000.000
04:07:11  219  002.447  002.342  002.204  002.028  001.923  000.000
04:07:13  220  002.447  002.342  002.203  002.028  001.923  000.000
04:07:15  221  002.447  002.342  002.203  002.028  001.922  000.000
04:07:17  222  002.447  002.342  002.203  002.028  001.923  000.000
04:07:19  223  002.446  002.341  002.203  002.028  001.923  000.000
04:07:21  224  002.446  002.341  002.203  002.028  001.923  000.000
04:07:23  225  002.446  002.342  002.204  002.028  001.923  000.000
04:07:25  226  002.446  002.341  002.203  002.028  001.923  000.000
04:07:27  227  002.446  002.341  002.203  002.028  001.923  000.000
04:07:29  228  002.446  002.341  002.203  002.028  001.923  000.000
04:07:31  229  002.446  002.341  002.203  002.028  001.923  000.000
04:07:33  230  002.445  002.341  002.203  002.028  001.923  000.000
04:07:35  231  002.446  002.341  002.203  002.028  001.923  000.000
04:07:37  232  002.445  002.341  002.203  002.028  001.922  000.000
04:07:39  233  002.445  002.341  002.203  002.028  001.922  000.000
04:07:41  234  002.445  002.341  002.202  002.028  001.922  000.000
04:07:43  235  002.445  002.341  002.202  002.028  001.922  000.000
04:07:45  236  002.444  002.341  002.203  002.028  001.923  000.000
04:07:47  237  002.444  002.340  002.202  002.028  001.922  000.000
04:07:49  238  002.444  002.340  002.203  002.028  001.922  000.000
04:07:51  239  002.444  002.340  002.202  002.028  001.922  000.000
04:07:53  240  002.444  002.340  002.202  002.028  001.923  000.000
04:07:55  241  002.444  002.339  002.202  002.028  001.923  000.000
04:07:57  242  002.444  002.340  002.202  002.028  001.923  000.000
04:07:59  243  002.444  002.339  002.202  002.027  001.922  000.000
04:08:01  244  002.444  002.339  002.202  002.027  001.923  000.000
04:08:03  245  002.443  002.339  002.202  002.027  001.923  000.000
04:08:05  246  002.443  002.339  002.202  002.027  001.923  000.000
04:08:07  247  002.443  002.339  002.202  002.028  001.923  000.000
04:08:09  248  002.443  002.339  002.202  002.028  001.923  000.000
04:08:11  249  002.443  002.339  002.202  002.028  001.923  000.000
04:08:13  250  002.443  002.339  002.202  002.027  001.923  000.000
04:08:15  251  002.443  002.339  002.202  002.027  001.923  000.000
04:08:17  252  002.459  002.433  002.227  002.042  001.968  020.000
04:08:19  253  002.724  003.114  002.485  002.285  002.493  020.000
04:08:21  254  003.252  004.026  002.919  002.787  003.236  020.000
04:08:23  255  003.751  004.740  003.304  003.261  003.799  020.000
04:08:25  256  004.379  005.549  003.776  003.847  004.415  020.000
04:08:27  257  004.965  006.253  004.212  004.383  004.937  020.000
04:08:29  258  005.392  006.746  004.531  004.768  005.298  020.000
04:08:31  259  005.872  007.285  004.890  005.192  005.691  020.000
04:08:33  260  006.294  007.751  005.209  005.562  006.029  020.000
04:08:35  261  006.596  008.079  005.439  005.823  006.270  020.000
04:08:37  262  006.911  008.348  005.673  006.096  006.487  000.000
04:08:39  263  006.954  008.015  005.659  006.112  006.213  000.000
04:08:41  264  006.772  007.541  005.492  005.909  005.803  000.000
04:08:43  265  006.406  006.907  005.204  005.530  005.278  000.000
04:08:45  266  005.994  006.315  004.897  005.126  004.821  000.000
04:08:47  267  005.595  005.795  004.609  004.753  004.439  000.000
04:08:49  268  005.302  005.433  004.398  004.486  004.182  000.000
04:08:51  269  004.974  005.044  004.164  004.196  003.909  000.000
04:08:53  270  004.689  004.715  003.959  003.949  003.680  000.000
04:08:55  271  004.490  004.490  003.816  003.780  003.522  000.000
04:08:57  272  004.273  004.248  003.659  003.597  003.349  000.000
04:08:59  273  004.087  004.043  003.523  003.441  003.199  000.000
04:09:01  274  003.957  003.902  003.428  003.333  003.095  000.000
04:09:03  275  003.816  003.749  003.325  003.216  002.979  000.000
04:09:05  276  003.695  003.618  003.234  003.115  002.878  000.000
04:09:07  277  003.610  003.527  003.171  003.046  002.807  000.000
04:09:09  278  003.516  003.427  003.101  002.968  002.727  000.000
04:09:11  279  003.436  003.342  003.041  002.902  002.659  000.000
04:09:13  280  003.365  003.268  002.988  002.844  002.598  000.000
04:09:15  281  003.315  003.215  002.950  002.803  002.555  000.000
04:09:17  282  003.260  003.158  002.907  002.756  002.507  000.000
04:09:19  283  003.211  003.107  002.869  002.716  002.465  000.000
04:09:21  284  003.176  003.071  002.843  002.687  002.434  000.000
04:09:23  285  003.136  003.030  002.812  002.654  002.399  000.000
04:09:25  286  003.101  002.994  002.785  002.624  002.367  000.000
04:09:27  287  003.075  002.968  002.764  002.603  002.345  000.000
04:09:29  288  003.046  002.938  002.742  002.579  002.319  000.000
04:09:31  289  003.021  002.912  002.721  002.557  002.296  000.000
04:09:33  290  003.001  002.893  002.706  002.541  002.280  000.000
04:09:35  291  002.979  002.871  002.688  002.522  002.260  000.000
04:09:37  292  002.959  002.851  002.671  002.504  002.243  000.000
04:09:39  293  002.944  002.836  002.659  002.492  002.230  000.000
04:09:41  294  002.927  002.819  002.645  002.477  002.216  000.000
04:09:43  295  002.911  002.803  002.632  002.463  002.203  000.000
04:09:45  296  002.896  002.788  002.620  002.450  002.191  000.000
04:09:47  297  002.885  002.778  002.611  002.441  002.182  000.000
04:09:49  298  002.873  002.765  002.600  002.430  002.172  000.000
04:09:51  299  002.861  002.753  002.590  002.419  002.163  000.000
04:09:53  300  002.851  002.743  002.582  002.411  002.156  000.000
04:09:55  301  002.841  002.733  002.573  002.401  002.147  000.000
04:09:57  302  002.831  002.723  002.564  002.392  002.140  000.000
04:09:59  303  002.823  002.715  002.558  002.386  002.134  000.000
04:10:01  304  002.814  002.707  002.550  002.378  002.127  000.000
04:10:03  305  002.805  002.698  002.542  002.370  002.120  000.000
04:10:05  306  002.798  002.692  002.537  002.364  002.115  000.000
04:10:07  307  002.791  002.684  002.530  002.357  002.109  000.000
04:10:09  308  002.783  002.676  002.523  002.350  002.103  000.000
04:10:11  309  002.776  002.670  002.517  002.344  002.098  000.000
04:10:13  310  002.770  002.664  002.512  002.339  002.094  000.000
04:10:15  311  002.764  002.658  002.507  002.333  002.089  000.000
04:10:17  312  002.758  002.652  002.501  002.328  002.085  000.000
04:10:19  313  002.753  002.647  002.497  002.323  002.082  000.000
04:10:21  314  002.747  002.641  002.491  002.318  002.078  000.000
04:10:23  315  002.742  002.636  002.487  002.313  002.074  000.000
04:10:25  316  002.737  002.631  002.483  002.309  002.071  000.000
04:10:27  317  002.732  002.626  002.479  002.304  002.068  000.000
04:10:29  318  002.727  002.621  002.474  002.300  002.065  000.000
04:10:31  319  002.723  002.618  002.471  002.296  002.063  000.000
04:10:33  320  002.718  002.613  002.466  002.292  002.060  000.000
04:10:35  321  002.714  002.608  002.463  002.288  002.057  000.000
04:10:37  322  002.710  002.605  002.459  002.285  002.055  000.000
04:10:39  323  002.706  002.601  002.455  002.281  002.052  000.000
04:10:41  324  002.702  002.597  002.452  002.277  002.050  000.000
04:10:43  325  002.698  002.593  002.449  002.274  002.047  000.000
04:10:45  326  002.694  002.590  002.445  002.271  002.045  000.000
04:10:47  327  002.691  002.586  002.442  002.267  002.043  000.000
04:10:49  328  002.688  002.582  002.439  002.263  002.041  000.000
04:10:51  329  002.684  002.580  002.436  002.261  002.039  000.000
04:10:53  330  002.681  002.576  002.433  002.258  002.036  000.000
04:10:55  331  002.678  002.573  002.430  002.255  002.034  000.000
04:10:57  332  002.675  002.571  002.427  002.253  002.032  000.000
04:10:59  333  002.672  002.568  002.424  002.250  002.030  000.000
04:11:01  334  002.668  002.565  002.422  002.246  002.027  000.000
04:11:03  335  002.666  002.562  002.419  002.245  002.026  000.000
04:11:05  336  002.663  002.559  002.417  002.242  002.024  000.000
04:11:07  337  002.660  002.557  002.414  002.239  002.021  000.000
04:11:09  338  002.657  002.553  002.411  002.237  002.019  000.000
04:11:11  339  002.655  002.552  002.409  002.234  002.017  000.000
04:11:13  340  002.652  002.549  002.407  002.232  002.015  000.000
04:11:15  341  002.650  002.546  002.405  002.230  002.013  000.000
04:11:17  342  002.648  002.544  002.403  002.228  002.012  000.000
04:11:19  343  002.645  002.542  002.400  002.225  002.010  000.000
04:11:21  344  002.643  002.539  002.398  002.223  002.008  000.000
04:11:23  345  002.641  002.537  002.397  002.222  002.006  000.000
04:11:25  346  002.639  002.535  002.394  002.219  002.004  000.000
04:11:27  347  002.637  002.533  002.392  002.217  002.002  000.000
04:11:29  348  002.634  002.531  002.391  002.216  002.001  000.000
04:11:31  349  002.632  002.529  002.389  002.214  001.998  000.000
04:11:33  350  002.630  002.527  002.387  002.212  001.997  000.000
04:11:35  351  002.628  002.525  002.385  002.210  001.995  000.000
04:11:37  352  002.626  002.523  002.383  002.208  001.993  000.000
04:11:39  353  002.624  002.521  002.381  002.207  001.992  000.000
04:11:41  354  002.622  002.519  002.380  002.205  001.990  000.000
04:11:43  355  002.621  002.518  002.378  002.203  001.989  000.000
04:11:45  356  002.619  002.516  002.376  002.201  001.988  000.000
04:11:47  357  002.617  002.514  002.375  002.200  001.987  000.000
04:11:49  358  002.615  002.512  002.373  002.198  001.985  000.000
04:11:51  359  002.614  002.511  002.372  002.196  001.984  000.000
04:11:53  360  002.612  002.509  002.370  002.195  001.983  000.000
04:11:55  361  002.610  002.507  002.369  002.194  001.982  000.000
04:11:57  362  002.609  002.506  002.367  002.192  001.981  000.000
04:11:59  363  002.606  002.504  002.365  002.191  001.980  000.000
04:12:01  364  002.606  002.503  002.365  002.190  001.980  000.000
04:12:03  365  002.604  002.501  002.363  002.188  001.978  000.000
04:12:05  366  002.602  002.500  002.361  002.186  001.978  000.000
04:12:07  367  002.600  002.498  002.360  002.185  001.978  000.000
04:12:09  368  002.600  002.497  002.359  002.184  001.977  000.000
04:12:11  369  002.598  002.496  002.358  002.182  001.977  000.000
04:12:13  370  002.597  002.494  002.356  002.181  001.977  000.000
04:12:15  371  002.595  002.493  002.355  002.180  001.976  000.000
04:12:17  372  002.594  002.491  002.354  002.179  001.976  000.000
04:12:19  373  002.592  002.490  002.353  002.178  001.976  000.000
04:12:21  374  002.591  002.489  002.351  002.176  001.975  000.000
04:12:23  375  002.590  002.488  002.350  002.175  001.974  000.000
04:12:25  376  002.589  002.487  002.349  002.174  001.973  000.000
04:12:27  377  002.587  002.485  002.348  002.173  001.973  000.000
04:12:29  378  002.586  002.484  002.347  002.172  001.972  000.000
04:12:31  379  002.585  002.483  002.345  002.170  001.971  000.000
04:12:33  380  002.584  002.482  002.345  002.170  001.971  000.000
04:12:35  381  002.583  002.480  002.344  002.169  001.970  000.000
04:12:37  382  002.582  002.479  002.342  002.167  001.969  000.000
04:12:39  383  002.580  002.478  002.341  002.166  001.968  000.000
04:12:41  384  002.579  002.477  002.341  002.166  001.968  000.000
04:12:43  385  002.578  002.476  002.339  002.164  001.967  000.000
04:12:45  386  002.577  002.475  002.338  002.163  001.967  000.000
04:12:47  387  002.576  002.474  002.337  002.163  001.967  000.000
04:12:49  388  002.574  002.473  002.336  002.161  001.967  000.000
04:12:51  389  002.574  002.472  002.336  002.160  001.966  000.000
04:12:53  390  002.573  002.471  002.334  002.160  001.966  000.000
04:12:55  391  002.572  002.470  002.334  002.159  001.965  000.000
04:12:57  392  002.571  002.469  002.333  002.157  001.965  000.000
04:12:59  393  002.569  002.468  002.332  002.157  001.965  000.000
04:13:01  394  002.569  002.467  002.331  002.156  001.964  000.000
04:13:03  395  002.568  002.466  002.330  002.155  001.964  000.000
04:13:05  396  002.566  002.465  002.329  002.154  001.964  000.000
04:13:07  397  002.566  002.464  002.328  002.153  001.964  000.000
04:13:09  398  002.565  002.463  002.327  002.152  001.964  000.000
04:13:11  399  002.564  002.463  002.327  002.152  001.963  000.000
04:13:13  400  002.563  002.461  002.326  002.150  001.963  000.000
04:13:15  401  002.562  002.461  002.325  002.150  001.962  000.000
04:13:17  402  002.561  002.460  002.324  002.149  001.962  000.000
04:13:19  403  002.560  002.459  002.324  002.148  001.961  000.000
04:13:21  404  002.560  002.458  002.322  002.147  001.961  000.000
04:13:23  405  002.559  002.457  002.322  002.147  001.961  000.000
04:13:25  406  002.558  002.456  002.321  002.146  001.961  000.000
04:13:27  407  002.557  002.456  002.320  002.145  001.960  000.000
04:13:29  408  002.556  002.455  002.319  002.144  001.959  000.000
04:13:31  409  002.555  002.454  002.319  002.144  001.959  000.000
04:13:33  410  002.555  002.453  002.318  002.143  001.959  000.000
04:13:35  411  002.553  002.453  002.317  002.143  001.959  000.000
04:13:37  412  002.553  002.452  002.316  002.141  001.959  000.000
04:13:39  413  002.552  002.451  002.316  002.141  001.959  000.000
04:13:41  414  002.552  002.450  002.315  002.140  001.959  000.000
04:13:43  415  002.550  002.450  002.314  002.140  001.959  000.000
04:13:45  416  002.550  002.449  002.314  002.139  001.959  000.000
04:13:47  417  002.549  002.448  002.313  002.138  001.959  000.000
04:13:49  418  002.549  002.447  002.313  002.137  001.958  000.000
04:13:51  419  002.548  002.447  002.312  002.137  001.958  000.000
04:13:53  420  002.547  002.446  002.311  002.136  001.958  000.000
04:13:55  421  002.546  002.445  002.311  002.135  001.958  000.000
04:13:57  422  002.545  002.445  002.310  002.135  001.958  000.000
04:13:59  423  002.545  002.444  002.309  002.134  001.958  000.000
04:14:01  424  002.544  002.443  002.308  002.134  001.957  000.000
04:14:03  425  002.543  002.442  002.308  002.133  001.957  000.000
04:14:05  426  002.543  002.442  002.307  002.132  001.956  000.000
04:14:07  427  002.542  002.442  002.306  002.132  001.956  000.000
04:14:09  428  002.541  002.441  002.306  002.131  001.956  000.000
04:14:11  429  002.541  002.440  002.306  002.131  001.956  000.000
04:14:13  430  002.541  002.439  002.305  002.130  001.955  000.000
04:14:15  431  002.540  002.439  002.305  002.130  001.955  000.000
04:14:17  432  002.539  002.438  002.304  002.129  001.955  000.000
04:14:19  433  002.539  002.438  002.303  002.129  001.955  000.000
04:14:21  434  002.538  002.438  002.303  002.128  001.955  000.000
04:14:23  435  002.537  002.437  002.302  002.128  001.955  000.000
04:14:25  436  002.537  002.436  002.302  002.127  001.955  000.000
04:14:27  437  002.536  002.435  002.301  002.126  001.955  000.000
04:14:29  438  002.536  002.435  002.300  002.126  001.955  000.000
04:14:31  439  002.535  002.434  002.300  002.126  001.954  000.000
04:14:33  440  002.534  002.434  002.300  002.125  001.954  000.000
04:14:35  441  002.533  002.433  002.299  002.124  001.954  000.000
04:14:37  442  002.533  002.433  002.299  002.124  001.953  000.000
04:14:39  443  002.533  002.432  002.298  002.123  001.953  000.000
04:14:41  444  002.532  002.431  002.297  002.123  001.953  000.000
04:14:43  445  002.531  002.431  002.297  002.122  001.953  000.000
04:14:45  446  002.531  002.431  002.297  002.122  001.952  000.000
04:14:47  447  002.530  002.430  002.296  002.122  001.952  000.000
04:14:49  448  002.530  002.430  002.296  002.121  001.952  000.000
04:14:51  449  002.529  002.429  002.295  002.120  001.952  000.000
04:14:53  450  002.529  002.428  002.294  002.120  001.951  000.000
04:14:55  451  002.528  002.428  002.294  002.120  001.951  000.000
04:14:57  452  002.528  002.427  002.294  002.119  001.950  000.000
04:14:59  453  002.527  002.427  002.293  002.119  001.950  000.000
04:15:01  454  002.526  002.427  002.293  002.118  001.950  000.000
04:15:03  455  002.526  002.426  002.292  002.118  001.950  000.000
04:15:05  456  002.526  002.425  002.292  002.117  001.950  000.000
04:15:07  457  002.525  002.425  002.291  002.117  001.950  000.000
04:15:09  458  002.525  002.425  002.291  002.117  001.950  000.000
04:15:11  459  002.524  002.424  002.291  002.116  001.949  000.000
04:15:13  460  002.524  002.423  002.290  002.116  001.949  000.000
04:15:15  461  002.523  002.423  002.290  002.115  001.949  000.000
04:15:17  462  002.523  002.423  002.289  002.114  001.950  000.000
04:15:19  463  002.523  002.422  002.289  002.114  001.950  000.000
04:15:21  464  002.522  002.422  002.288  002.114  001.949  000.000
04:15:23  465  002.522  002.422  002.288  002.113  001.949  000.000
04:15:25  466  002.521  002.421  002.287  002.113  001.949  000.000
04:15:27  467  002.520  002.420  002.287  002.113  001.949  000.000
04:15:29  468  002.520  002.420  002.286  002.112  001.949  000.000
04:15:31  469  002.520  002.420  002.286  002.112  001.949  000.000
04:15:33  470  002.519  002.419  002.286  002.111  001.949  000.000
04:15:35  471  002.519  002.419  002.285  002.111  001.949  000.000
04:15:37  472  002.518  002.419  002.285  002.110  001.949  000.000
04:15:39  473  002.518  002.418  002.285  002.110  001.949  000.000
04:15:41  474  002.518  002.417  002.284  002.110  001.949  000.000
04:15:43  475  002.517  002.417  002.284  002.110  001.948  000.000
04:15:45  476  002.517  002.417  002.283  002.109  001.947  000.000
04:15:47  477  002.517  002.416  002.283  002.108  001.947  000.000
04:15:49  478  002.516  002.416  002.283  002.108  001.947  000.000
04:15:51  479  002.515  002.416  002.282  002.108  001.947  000.000
04:15:53  480  002.515  002.415  002.282  002.108  001.947  000.000
04:15:55  481  002.515  002.415  002.282  002.107  001.946  000.000
04:15:57  482  002.514  002.414  002.281  002.107  001.946  000.000
04:15:59  483  002.513  002.414  002.281  002.107  001.946  000.000
04:16:01  484  002.514  002.414  002.280  002.106  001.946  000.000
04:16:03  485  002.513  002.413  002.280  002.106  001.946  000.000
04:16:05  486  002.513  002.413  002.280  002.105  001.946  000.000
04:16:07  487  002.512  002.412  002.280  002.105  001.946  000.000
04:16:09  488  002.512  002.412  002.279  002.105  001.946  000.000
04:16:11  489  002.512  002.412  002.279  002.105  001.946  000.000
04:16:13  490  002.511  002.411  002.279  002.104  001.945  000.000
04:16:15  491  002.511  002.411  002.279  002.104  001.946  000.000
04:16:17  492  002.510  002.411  002.278  002.104  001.945  000.000
04:16:19  493  002.510  002.411  002.278  002.104  001.945  000.000
04:16:21  494  002.510  002.410  002.277  002.103  001.945  000.000
04:16:23  495  002.509  002.410  002.277  002.103  001.945  000.000
04:16:25  496  002.509  002.409  002.277  002.102  001.945  000.000
04:16:27  497  002.509  002.409  002.276  002.102  001.945  000.000
04:16:29  498  002.508  002.409  002.276  002.102  001.945  000.000
04:16:31  499  002.508  002.408  002.276  002.101  001.945  000.000
04:16:33  500  002.507  002.408  002.276  002.101  001.945  000.000
04:16:35  501  002.507  002.408  002.275  002.101  001.945  000.000
04:16:37  502  002.507  002.408  002.275  002.101  001.945  000.000
04:16:39  503  002.507  002.407  002.275  002.101  001.944  000.000
04:16:41  504  002.506  002.407  002.274  002.101  001.943  000.000
04:16:43  505  002.506  002.406  002.274  002.100  001.943  000.000
04:16:45  506  002.506  002.406  002.274  002.099  001.943  000.000
04:16:47  507  002.506  002.406  002.273  002.099  001.942  000.000
04:16:49  508  002.505  002.406  002.273  002.099  001.942  000.000
04:16:51  509  002.505  002.405  002.273  002.099  001.942  000.000
04:16:53  510  002.504  002.405  002.273  002.098  001.941  000.000
04:16:55  511  002.504  002.405  002.273  002.098  001.941  000.000
04:16:57  512  002.503  002.404  002.272  002.098  001.940  000.000
04:16:59  513  002.504  002.404  002.272  002.098  001.940  000.000
04:17:01  514  002.503  002.403  002.271  002.096  001.939  000.000
04:17:03  515  002.503  002.414  002.294  002.105  001.923  000.000
04:17:05  516  002.529  002.468  002.325  002.108  001.918  000.000
04:17:07  517  002.591  002.503  002.305  002.093  001.920  000.000
04:17:09  518  002.599  002.484  002.264  002.066  001.918  000.000
04:17:11  519  002.565  002.447  002.231  002.045  001.916  000.000
04:17:13  520  002.498  002.390  002.193  002.019  001.914  000.000
04:17:15  521  002.420  002.328  002.154  001.996  001.912  000.000
04:17:17  522  002.358  002.281  002.126  001.979  001.911  000.000
04:17:19  523  002.286  002.227  002.093  001.962  001.909  000.000
04:17:21  524  002.220  002.179  002.063  001.946  001.909  000.000
04:17:23  525  002.174  002.146  002.041  001.936  001.908  000.000
04:17:25  526  002.123  002.108  002.017  001.924  001.907  000.000
04:17:27  527  002.078  002.075  001.996  001.913  001.906  000.000
04:17:29  528  002.039  002.046  001.978  001.905  001.906  000.000
04:17:31  529  002.013  002.025  001.965  001.898  001.906  000.000
04:17:33  530  001.984  002.002  001.952  001.891  001.905  000.000
04:17:35  531  001.958  001.982  001.940  001.885  001.905  000.000
04:17:37  532  001.941  001.968  001.933  001.881  001.905  000.000
04:17:39  533  001.922  001.952  001.924  001.877  001.904  000.000
04:17:41  534  001.906  001.939  001.917  001.873  001.903  000.000
04:17:43  535  001.895  001.930  001.912  001.870  001.903  000.000
04:17:45  536  001.883  001.920  001.907  001.867  001.902  000.000
04:17:47  537  001.873  001.911  001.902  001.865  001.902  000.000
04:17:49  538  001.866  001.905  001.899  001.864  001.902  000.000
04:17:51  539  001.859  001.899  001.896  001.862  001.902  000.000
04:17:53  540  001.852  001.893  001.894  001.860  001.902  000.000
04:17:55  541  001.846  001.889  001.892  001.859  001.902  000.000
04:17:57  542  001.842  001.885  001.890  001.858  001.901  000.000
04:17:59  543  001.837  001.882  001.888  001.857  001.901  000.000
04:18:01  544  001.833  001.878  001.886  001.856  001.901  000.000
04:18:03  545  001.831  001.876  001.886  001.855  001.901  000.000
04:18:05  546  001.827  001.873  001.884  001.854  001.901  000.000
04:18:07  547  001.825  001.871  001.883  001.854  001.900  000.000
04:18:09  548  001.823  001.870  001.882  001.853  001.900  000.000
04:18:11  549  001.820  001.868  001.882  001.853  001.900  000.000
04:18:13  550  001.819  001.867  001.880  001.852  001.899  000.000
